2.698 2 ROTORCRAFT_STATUS 0 0 2 0 0 1 0 0 0 0 88 5
2.734 2 AMSYS_AIRSPEED 3355 6.153353 3.196978 3.205886 22.904171
2.758 2 GPS_INT 0 0 0 0 0 0 0 0 0 0 0 0 0 0 0 0
2.764 2 BMP_STATUS 334451 32058 102698 328
2.772 2 TIMESTAMP 5500
2.833 2 AMSYS_AIRSPEED 3344 5.285573 2.962987 3.182081 22.904171
2.852 2 INS 0 0 0 0 0 0 0 0 0
2.908 2 ROTORCRAFT_FP 0 0 0 0 0 0 0 0 0 0 0 0 0 0 0
2.911 2 ROTORCRAFT_NAV_STATUS 5 0 0 1 0
2.918 2 DOWNLINK_STATUS 3 3110 91 1 1117. 33. 0.
2.932 2 AMSYS_AIRSPEED 3355 6.153353 3.196978 3.183541 22.904171
3.007 2 GPS_INT 0 0 0 0 0 0 0 0 0 0 0 0 0 0 0 0
3.024 2 BMP_STATUS 334446 32052 102687 328
3.032 2 AMSYS_AIRSPEED 3355 6.153353 3.196978 3.184858 22.904171
3.101 2 INS 0 0 0 0 0 0 0 0 0
3.132 2 AMSYS_AIRSPEED 3355 6.153353 3.196978 3.186046 22.878994
3.157 2 ROTORCRAFT_FP 0 0 0 0 0 0 0 0 0 0 0 0 0 0 0
3.195 2 WP_MOVED_ENU 5 -204 -204 -2688
3.231 2 AMSYS_AIRSPEED 3355 6.153353 3.196978 3.187117 22.904171
3.256 2 GPS_INT 0 0 0 0 0 0 0 0 0 0 0 0 0 0 0 0
3.272 2 TIMESTAMP 6000
3.292 2 DL_VALUE 5 200.
3.298 2 BMP_STATUS 334445 32059 102698 328
3.331 2 AMSYS_AIRSPEED 3344 5.285573 2.962987 3.165152 22.904171
3.350 2 INS 0 0 0 0 0 0 0 0 0
3.394 2 IMU_MAG_RAW -504 -391 -190
3.411 2 ROTORCRAFT_FP 0 0 0 0 0 0 0 0 0 0 0 0 0 0 0
3.432 2 AMSYS_AIRSPEED 3361 6.626688 3.317661 3.180098 22.904171
3.506 2 GPS_INT 0 0 0 0 0 0 0 0 0 0 0 0 0 0 0 0
3.531 2 AMSYS_AIRSPEED 3355 6.153353 3.196978 3.181752 22.904171
3.572 2 BMP_STATUS 334448 32050 102684 328
3.600 2 INS 0 0 0 0 0 0 0 0 0
3.610 2 INS_REF 380523026 58763459 506785682 9243129 1532178 56678 12000 102685
3.630 2 AMSYS_AIRSPEED 3355 6.153353 3.196978 3.183244 22.904171
3.656 2 ROTORCRAFT_FP 0 0 0 0 0 0 0 0 0 0 0 0 0 0 0
3.731 2 AMSYS_AIRSPEED 3362 6.705577 3.33735 3.198346 22.929348
3.754 2 GPS_INT 0 0 0 0 0 0 0 0 0 0 0 0 0 0 0 0
3.772 2 TIMESTAMP 6500
3.828 2 AMSYS_AIRSPEED 3355 6.153353 3.196978 3.198212 22.878994
3.848 2 INS 0 0 0 0 0 0 0 0 0
3.854 2 BMP_STATUS 334448 32054 102691 328
3.905 2 ROTORCRAFT_FP 0 0 0 0 0 0 0 0 0 0 0 0 0 0 0
3.911 2 ROTORCRAFT_STATUS 0 0 2 0 0 1 0 0 0 0 88 6
3.919 2 DOWNLINK_STATUS 4 4239 124 1 1129. 33. 0.
3.929 2 AMSYS_AIRSPEED 3361 6.626688 3.317661 3.209918 22.878994
4.004 2 GPS_INT 0 0 0 0 0 0 0 0 0 0 0 0 0 0 0 0
4.029 2 AMSYS_AIRSPEED 3355 6.153353 3.196978 3.20865 22.904171
4.098 2 INS 0 0 0 0 0 0 0 0 0
4.119 2 BMP_STATUS 334463 32053 102694 328
4.129 2 AMSYS_AIRSPEED 3361 6.626688 3.317661 3.219333 22.878994
4.154 2 ROTORCRAFT_FP 0 0 0 0 0 0 0 0 0 0 0 0 0 0 0
4.227 2 AMSYS_AIRSPEED 3355 6.153353 3.196978 3.217142 22.904171
4.252 2 GPS_INT 0 0 0 0 0 0 0 0 0 0 0 0 0 0 0 0
4.272 2 TIMESTAMP 7000
4.327 2 AMSYS_AIRSPEED 3355 6.153353 3.196978 3.215166 22.904171
4.346 2 INS 0 0 0 0 0 0 0 0 0
4.403 2 ROTORCRAFT_FP 0 0 0 0 0 0 0 0 0 0 0 0 0 0 0
4.406 2 DL_VALUE 6 10.
4.411 2 BMP_STATUS 334441 32052 102685 328
4.428 2 AMSYS_AIRSPEED 3350 5.758907 3.092814 3.203176 22.904171
4.502 2 GPS_INT 0 0 0 0 0 0 0 0 0 0 0 0 0 0 0 0
4.507 2 WP_MOVED_ENU 6 -230 -230 -2688
4.511 2 ROTORCRAFT_NAV_STATUS 7 0 0 1 0
4.516 2 ALIVE 73,193,131,76,36,63,151,237,85,221,59,127,170,27,147,33
4.527 2 AMSYS_AIRSPEED 3355 6.153353 3.196978 3.202568 22.904171
4.595 2 INS -1 -3 25 -44912 -79376 -44535 -535 -956 -551
4.625 2 AMSYS_AIRSPEED 3355 6.153353 3.196978 3.20202 22.904171
4.651 2 ROTORCRAFT_FP -5 -3 -24 -111952 -63472 57965 4738 910 1460 0 0 0 0 0 0
4.665 2 BMP_STATUS 334454 32054 102693 328
4.726 2 AMSYS_AIRSPEED 3367 7.100023 3.434105 3.224765 22.878994
4.751 2 GPS_INT 0 0 0 0 0 0 0 0 0 0 0 0 0 0 0 0
4.773 2 TIMESTAMP 7500
4.825 2 AMSYS_AIRSPEED 3362 6.705577 3.33735 3.235798 22.929348
4.845 2 INS -11 -20 21 -118448 -207152 -90376 -539 -961 -484
4.900 2 ROTORCRAFT_FP -23 -13 -19 -223376 -127856 103430 4738 910 1461 0 0 0 0 0 0
4.919 2 DOWNLINK_STATUS 5 5303 155 1 1064. 31. 0.
4.924 2 AMSYS_AIRSPEED 3356 6.232242 3.217406 3.233995 22.929348
4.938 2 BMP_STATUS 334440 32052 102684 328
4.999 2 GPS_INT 0 0 0 0 0 0 0 0 0 0 0 0 0 0 0 0
5.024 2 AMSYS_AIRSPEED 3355 6.153353 3.196978 3.230368 22.904171
5.094 2 INS -30 -53 0 -191696 -334960 -179988 -531 -965 -576
5.101 2 ROTORCRAFT_STATUS 0 0 2 0 0 1 0 0 0 0 87 7
5.124 2 AMSYS_AIRSPEED 3350 5.758907 3.092814 3.216887 22.904171
5.150 2 ROTORCRAFT_FP -58 -33 5 -351152 -201024 193807 4738 909 1462 0 0 0 0 0 0
5.212 2 BMP_STATUS 334445 32056 102691 328
5.224 2 AMSYS_AIRSPEED 3350 5.758907 3.092814 3.204728 22.929348
5.249 2 GPS_INT 0 0 0 0 0 0 0 0 0 0 0 0 0 0 0 0
5.273 2 TIMESTAMP 8000
5.323 2 AMSYS_AIRSPEED 3355 6.153353 3.196978 3.203969 22.904171
5.343 2 INS -58 -102 0 -264736 -462240 -174754 -537 -952 -471
5.398 2 ROTORCRAFT_FP -109 -62 3 -478400 -273984 186520 4737 910 1462 0 0 0 0 0 0
5.422 2 AMSYS_AIRSPEED 3333 4.417792 2.708859 3.155448 22.929348
5.424 2 PONG 
5.485 2 BMP_STATUS 334452 32058 102698 328
5.501 2 GPS_INT 0 0 0 0 0 0 0 0 0 0 0 0 0 0 0 0
5.504 2 DL_VALUE 7 0.
5.522 2 AMSYS_AIRSPEED 3361 6.626688 3.317661 3.171345 22.904171
5.592 2 INS -95 -166 35 -337600 -590240 -94295 -530 -952 -398
5.622 2 AMSYS_AIRSPEED 3361 6.626688 3.317661 3.185684 22.904171
5.648 2 ROTORCRAFT_FP -175 -100 -32 -606496 -346736 104319 4736 910 1463 0 0 0 0 0 0
5.721 2 AMSYS_AIRSPEED 3356 6.232242 3.217406 3.188792 22.929348
5.746 2 GPS_INT 0 0 0 0 0 0 0 0 0 0 0 0 0 0 0 0
5.759 2 BMP_STATUS 334451 32056 102693 328
5.773 2 TIMESTAMP 8500
5.785 2 WP_MOVED_ENU 7 0 256 -2304
5.820 2 AMSYS_AIRSPEED 3350 5.758907 3.092814 3.179387 22.904171
5.840 2 INS -141 -246 40 -409952 -718528 -99346 -533 -957 -372
5.896 2 ROTORCRAFT_FP -257 -147 -38 -734640 -419264 108107 4737 911 1464 0 0 0 0 0 0
5.919 2 DOWNLINK_STATUS 6 6382 187 1 1079. 32. 7.35
5.921 2 AMSYS_AIRSPEED 3344 5.285573 2.962987 3.158179 22.904171
5.996 2 GPS_INT 0 0 0 0 0 0 0 0 0 0 0 0 0 0 0 0
6.020 2 AMSYS_AIRSPEED 3344 5.285573 2.962987 3.13905 22.904171
6.032 2 BMP_STATUS 334433 32055 102686 328
6.090 2 INS -195 -342 15 -483376 -846416 -168754 -528 -957 -392
6.093 2 ROTORCRAFT_NAV_STATUS 8 0 0 1 0
6.120 2 AMSYS_AIRSPEED 3344 5.285573 2.962987 3.121796 22.929348
6.146 2 ROTORCRAFT_FP -355 -203 -10 -862528 -492448 178609 4737 911 1466 0 0 0 0 0 0
6.219 2 AMSYS_AIRSPEED 3350 5.758907 3.092814 3.118956 22.929348
6.244 2 GPS_INT 0 0 0 0 0 0 0 0 0 0 0 0 0 0 0 0
6.273 2 TIMESTAMP 9000
6.284 2 ROTORCRAFT_STATUS 0 0 2 0 0 1 0 0 0 0 88 8
6.304 2 BMP_STATUS 334452 32053 102690 328
6.319 2 AMSYS_AIRSPEED 3356 6.232242 3.217406 3.128604 22.954525
6.339 2 INS -259 -453 14 -556128 -974608 -165499 -536 -956 -300
6.382 2 IMU_MAG_RAW -499 -393 -185
6.398 2 ROTORCRAFT_FP -468 -267 -9 -991040 -565392 173590 4737 911 1466 0 0 0 0 0 0
6.418 2 AMSYS_AIRSPEED 3355 6.153353 3.196978 3.135304 22.904171
6.494 2 GPS_INT 0 0 0 0 0 0 0 0 0 0 0 0 0 0 0 0
6.519 2 AMSYS_AIRSPEED 3367 7.100023 3.434105 3.164587 22.904171
6.579 2 BMP_STATUS 334446 32054 102690 328
6.590 2 INS -267 -468 14 -565392 -991040 -153599 -579 -1027 -271
6.593 2 DL_VALUE 8 0.
6.600 2 ALIVE 73,193,131,76,36,63,151,237,85,221,59,127,170,27,147,33
6.618 2 AMSYS_AIRSPEED 3356 6.232242 3.217406 3.169763 22.929348
6.644 2 ROTORCRAFT_FP -468 -267 -10 -991040 -565392 161001 4737 910 1467 0 0 0 0 0 0
6.718 2 AMSYS_AIRSPEED 3361 6.626688 3.317661 3.184257 22.904171
6.743 2 GPS_INT 0 0 0 0 0 0 0 0 0 0 0 0 0 0 0 0
6.773 2 TIMESTAMP 9500
6.816 2 AMSYS_AIRSPEED 3356 6.232242 3.217406 3.187506 22.929348
6.837 2 INS -267 -468 -6 -565392 -991040 -190622 -579 -1027 -309
6.851 2 BMP_STATUS 334445 32052 102686 328
6.892 2 ROTORCRAFT_FP -468 -267 3 -991040 -565392 180106 4738 911 1467 0 0 0 0 0 0
6.916 2 AMSYS_AIRSPEED 3355 6.153353 3.196978 3.188434 22.878994
6.920 2 DOWNLINK_STATUS 7 7514 221 1 1132. 34. 7.35
6.992 2 GPS_INT 0 0 0 0 0 0 0 0 0 0 0 0 0 0 0 0
7.017 2 AMSYS_AIRSPEED 3362 6.705577 3.33735 3.203028 22.929348
7.087 2 INS -267 -468 -22 -565392 -991040 -208599 -579 -1027 -280
7.091 2 WP_MOVED_ENU 8 256 0 -1536
7.116 2 AMSYS_AIRSPEED 3350 5.758907 3.092814 3.192227 22.904171
7.126 2 BMP_STATUS 334442 32050 102681 328
7.143 2 ROTORCRAFT_FP -468 -267 29 -991040 -565392 221166 4738 911 1468 0 0 0 0 0 0
7.216 2 AMSYS_AIRSPEED 3350 5.758907 3.092814 3.182484 22.929348
7.241 2 GPS_INT 0 0 0 0 0 0 0 0 0 0 0 0 0 0 0 0
7.273 2 TIMESTAMP 10000
7.315 2 AMSYS_AIRSPEED 3355 6.153353 3.196978 3.183905 22.904171
7.335 2 INS -267 -468 -52 -565392 -991040 -248742 -579 -1027 -288
7.390 2 ROTORCRAFT_FP -468 -267 58 -991040 -565392 255570 4739 913 1469 0 0 0 0 0 0
7.398 2 BMP_STATUS 334445 32053 102687 328
7.414 2 AMSYS_AIRSPEED 3350 5.758907 3.092814 3.174978 22.904171
7.490 2 GPS_INT 0 0 0 0 0 0 0 0 0 0 0 0 0 0 0 0
7.496 2 ROTORCRAFT_STATUS 0 0 2 0 0 1 0 0 0 0 88 10
7.515 2 AMSYS_AIRSPEED 3344 5.285573 2.962987 3.154203 22.904171
7.584 2 INS -267 -468 -42 -565392 -991040 -201195 -579 -1027 -219
7.614 2 AMSYS_AIRSPEED 3355 6.153353 3.196978 3.158395 22.904171
7.639 2 ROTORCRAFT_FP -468 -267 47 -991040 -565392 206773 4739 913 1469 0 0 0 0 0 0
7.673 2 BMP_STATUS 334453 32047 102681 328
7.677 2 DL_VALUE 9 0.
7.679 2 ROTORCRAFT_NAV_STATUS 10 0 0 1 0
7.713 2 AMSYS_AIRSPEED 3373 7.573358 3.546729 3.196451 22.878994
7.738 2 GPS_INT 0 0 0 0 0 0 0 0 0 0 0 0 0 0 0 0
7.772 2 TIMESTAMP 10500
7.813 2 AMSYS_AIRSPEED 3350 5.758907 3.092814 3.186295 22.904171
7.833 2 INS -267 -468 -58 -565392 -991040 -208972 -579 -1027 -209
7.888 2 ROTORCRAFT_FP -468 -267 63 -991040 -565392 214406 4740 912 1470 0 0 0 0 0 0
7.913 2 AMSYS_AIRSPEED 3338 4.812238 2.827205 3.151104 22.904171
7.921 2 DOWNLINK_STATUS 8 8578 252 1 1064. 31. 7.35
7.946 2 BMP_STATUS 334451 32054 102692 328
7.988 2 GPS_INT 0 0 0 0 0 0 0 0 0 0 0 0 0 0 0 0
8.012 2 AMSYS_AIRSPEED 3362 6.705577 3.33735 3.169356 22.929348
8.083 2 INS -267 -468 -20 -565392 -991040 -112700 -579 -1027 -153
8.112 2 AMSYS_AIRSPEED 3384 8.441138 3.744417 3.225712 22.904171
8.138 2 ROTORCRAFT_FP -468 -267 23 -991040 -565392 118769 4737 911 1476 0 0 0 0 0 0
8.212 2 AMSYS_AIRSPEED 3367 7.100023 3.434105 3.246135 22.929348
8.220 2 BMP_STATUS 334440 32054 102688 328
8.236 2 GPS_INT 0 0 0 0 0 0 0 0 0 0 0 0 0 0 0 0
8.272 2 TIMESTAMP 11000
8.311 2 AMSYS_AIRSPEED 3373 7.573358 3.546729 3.275593 22.929348
8.331 2 INS -267 -468 -10 -565392 -991040 -82570 -579 -1027 -338
8.386 2 ROTORCRAFT_FP -468 -267 12 -991040 -565392 85158 4812 923 1569 0 0 0 0 0 0
8.391 2 WP_MOVED_ENU 9 256 256 -768
8.411 2 AMSYS_AIRSPEED 3362 6.705577 3.33735 3.281645 22.929348
8.486 2 GPS_INT 0 0 0 0 0 0 0 0 0 0 0 0 0 0 0 0
8.493 2 BMP_STATUS 334450 32050 102684 328
8.511 2 AMSYS_AIRSPEED 3355 6.153353 3.196978 3.273348 22.904171
8.580 2 INS -267 -468 -16 -565392 -991040 -88344 -579 -1027 -126
8.611 2 AMSYS_AIRSPEED 3367 7.100023 3.434105 3.289102 22.929348
8.635 2 ROTORCRAFT_FP -468 -267 18 -991040 -565392 90835 4811 922 1570 0 0 0 0 0 0
8.675 2 ROTORCRAFT_STATUS 0 0 2 0 0 1 0 0 0 0 88 11
8.681 2 ALIVE 73,193,131,76,36,63,151,237,85,221,59,127,170,27,147,33
8.697 2 INS_REF 380523026 58763459 506785682 9243129 1532178 56678 12000 102685
8.709 2 AMSYS_AIRSPEED 3362 6.705577 3.33735 3.29383 22.929348
8.734 2 GPS_INT 0 0 0 0 0 0 0 0 0 0 0 0 0 0 0 0
8.766 2 BMP_STATUS 334440 32050 102681 328
8.770 2 DL_VALUE 10 1.
8.773 2 TIMESTAMP 11500
8.809 2 AMSYS_AIRSPEED 3367 7.100023 3.434105 3.307577 22.929348
8.829 2 INS -267 -468 -31 -565392 -991040 -107837 -579 -1027 -124
8.884 2 ROTORCRAFT_FP -468 -267 33 -991040 -565392 110570 4809 922 1569 0 0 0 0 0 0
8.909 2 AMSYS_AIRSPEED 3350 5.758907 3.092814 3.28653 22.904171
8.921 2 DOWNLINK_STATUS 9 9712 285 1 1134. 33. 7.35
8.984 2 GPS_INT 0 0 0 0 0 0 0 0 0 0 0 0 0 0 0 0
9.009 2 AMSYS_AIRSPEED 3350 5.758907 3.092814 3.267546 22.904171
9.039 2 BMP_STATUS 334434 32050 102678 328
9.078 2 INS -267 -468 -51 -565392 -991040 -133323 -579 -1027 -142
9.108 2 AMSYS_AIRSPEED 3355 6.153353 3.196978 3.260631 22.904171
9.133 2 ROTORCRAFT_FP -468 -267 54 -991040 -565392 136228 4811 919 1568 0 0 0 0 0 0
9.207 2 AMSYS_AIRSPEED 3350 5.758907 3.092814 3.244185 22.929348
9.232 2 GPS_INT 0 0 0 0 0 0 0 0 0 0 0 0 0 0 0 0
9.269 2 ROTORCRAFT_NAV_STATUS 11 0 0 1 0
9.272 2 TIMESTAMP 12000
9.307 2 AMSYS_AIRSPEED 3355 6.153353 3.196978 3.239558 22.904171
9.313 2 BMP_STATUS 334435 32050 102679 328
9.327 2 INS -267 -468 -60 -565392 -991040 -132904 -579 -1027 -102
9.369 2 IMU_MAG_RAW -504 -386 -183
9.387 2 ROTORCRAFT_FP -468 -267 63 -991040 -565392 135879 4809 918 1568 0 0 0 0 0 0
9.407 2 AMSYS_AIRSPEED 3350 5.758907 3.092814 3.225178 22.929348
9.481 2 GPS_INT 0 0 0 0 0 0 0 0 0 0 0 0 0 0 0 0
9.506 2 AMSYS_AIRSPEED 3355 6.153353 3.196978 3.222414 22.904171
9.577 2 INS -267 -468 -77 -565392 -991040 -146978 -579 -1027 -134
9.586 2 BMP_STATUS 334445 32053 102687 328
9.606 2 AMSYS_AIRSPEED 3367 7.100023 3.434105 3.24316 22.929348
9.632 2 ROTORCRAFT_FP -468 -267 41 -991040 -565392 76034 4808 917 1567 0 0 0 0 0 0
9.670 2 WP_MOVED_ENU 0 10752 10752 -3072
9.705 2 AMSYS_AIRSPEED 3350 5.758907 3.092814 3.228426 22.904171
9.730 2 GPS_INT 0 0 0 0 0 0 0 0 0 0 0 0 0 0 0 0
9.773 2 TIMESTAMP 12500
9.805 2 AMSYS_AIRSPEED 3356 6.232242 3.217406 3.227346 22.929348
9.825 2 INS -267 -468 -49 -565392 -991040 -84469 -579 -1027 -102
9.860 2 BMP_STATUS 334443 32047 102677 328
9.880 2 ROTORCRAFT_FP -468 -267 56 -991040 -565392 97434 4806 917 1568 0 0 0 0 0 0
9.882 2 DL_VALUE 11 100.
9.889 2 ROTORCRAFT_STATUS 0 0 2 0 0 1 0 0 0 0 88 12
9.903 2 AMSYS_AIRSPEED 3355 6.153353 3.196978 3.22437 22.878994
9.921 2 DOWNLINK_STATUS 10 10816 318 1 1104. 33. 7.35
9.979 2 GPS_INT 0 0 0 0 0 0 0 0 0 0 0 0 0 0 0 0
10.004 2 AMSYS_AIRSPEED 3355 6.153353 3.196978 3.221685 22.904171
10.074 2 INS -267 -468 -66 -565392 -991040 -105608 -579 -1027 -45
10.104 2 AMSYS_AIRSPEED 3361 6.626688 3.317661 3.231091 22.904171
10.130 2 ROTORCRAFT_FP -468 -267 69 -991040 -565392 107822 4805 917 1569 0 0 0 0 0 0
10.135 2 BMP_STATUS 334440 32048 102677 328
10.203 2 AMSYS_AIRSPEED 3350 5.758907 3.092814 3.21754 22.904171
10.229 2 GPS_INT 0 0 0 0 0 0 0 0 0 0 0 0 0 0 0 0
10.273 2 TIMESTAMP 13000
10.303 2 AMSYS_AIRSPEED 3356 6.232242 3.217406 3.217527 22.929348
10.323 2 INS -267 -468 -77 -565392 -991040 -112644 -579 -1027 -83
10.378 2 ROTORCRAFT_FP -468 -267 80 -991040 -565392 114173 4807 918 1567 0 0 0 0 0 0
10.402 2 AMSYS_AIRSPEED 3355 6.153353 3.196978 3.215513 22.904171
10.407 2 BMP_STATUS 334449 32050 102684 328
10.422 2 PONG 
10.478 2 GPS_INT 0 0 0 0 0 0 0 0 0 0 0 0 0 0 0 0
10.502 2 AMSYS_AIRSPEED 3338 4.812238 2.827205 3.177459 22.904171
10.572 2 INS -267 -468 -58 -565392 -991040 -66860 -579 -1027 118
10.602 2 AMSYS_AIRSPEED 3356 6.232242 3.217406 3.181373 22.929348
10.628 2 ROTORCRAFT_FP -468 -267 59 -991040 -565392 68428 4806 915 1568 0 0 0 0 0 0
10.635 2 I2C_ERRORS 61464 58783 61464 58783 61464 58783 61464 58783 -442503144 0
10.663 2 UART_ERRORS 0 0 0 1
10.679 2 BMP_STATUS 334438 32050 102680 328
10.700 2 AMSYS_AIRSPEED 3350 5.758907 3.092814 3.172695 22.904171
10.726 2 GPS_INT 0 0 0 0 0 0 0 0 0 0 0 0 0 0 0 0
10.765 2 ALIVE 73,193,131,76,36,63,151,237,85,221,59,127,170,27,147,33
10.772 2 TIMESTAMP 13500
10.800 2 AMSYS_AIRSPEED 3344 5.285573 2.962987 3.152143 22.904171
10.820 2 INS -267 -468 -57 -565392 -991040 -59851 -579 -1027 -66
10.876 2 ROTORCRAFT_FP -468 -267 58 -991040 -565392 61188 4805 915 1566 0 0 0 0 0 0
10.880 2 ROTORCRAFT_NAV_STATUS 13 0 0 1 0
10.900 2 AMSYS_AIRSPEED 3355 6.153353 3.196978 3.156537 22.904171
10.921 2 DOWNLINK_STATUS 11 11896 350 1 1080. 32. 4.72
10.953 2 BMP_STATUS 334434 32050 102678 328
10.976 2 GPS_INT 0 0 0 0 0 0 0 0 0 0 0 0 0 0 0 0
10.979 2 DL_VALUE 12 100.
10.984 2 WP_MOVED_ENU 1 -51 -153 -2688
11.000 2 AMSYS_AIRSPEED 3356 6.232242 3.217406 3.162502 22.929348
11.070 2 INS -267 -468 -63 -565392 -991040 -63488 -579 -1027 38
11.076 2 ROTORCRAFT_STATUS 0 0 2 0 0 1 0 0 0 0 88 13
11.100 2 AMSYS_AIRSPEED 3504 17.907835 5.453876 3.387057 22.929348
11.126 2 ROTORCRAFT_FP -468 -267 64 -991040 -565392 65479 4806 915 1566 0 0 0 0 0 0
11.201 2 AMSYS_AIRSPEED 3413 10.728924 4.221451 3.468827 22.929348
11.225 2 GPS_INT 0 0 0 0 0 0 0 0 0 0 0 0 0 0 0 0
11.230 2 BMP_STATUS 334454 32050 102686 328
11.273 2 TIMESTAMP 14000
11.298 2 AMSYS_AIRSPEED 3355 6.153353 3.196978 3.442186 22.904171
11.318 2 INS -267 -468 -38 -565392 -991040 -15892 -579 -1027 -210
11.374 2 ROTORCRAFT_FP -468 -267 39 -991040 -565392 17735 4817 916 1578 0 0 0 0 0 0
11.398 2 AMSYS_AIRSPEED 3367 7.100023 3.434105 3.441394 22.929348
11.475 2 GPS_INT 0 0 0 0 0 0 0 0 0 0 0 0 0 0 0 0
11.499 2 AMSYS_AIRSPEED 3362 6.705577 3.33735 3.431198 22.929348
11.504 2 BMP_STATUS 334452 32048 102681 328
11.568 2 INS -267 -468 -37 -565392 -991040 -15236 -579 -1027 -59
11.598 2 AMSYS_AIRSPEED 3338 4.812238 2.827205 3.372006 22.904171
11.623 2 ROTORCRAFT_FP -468 -267 38 -991040 -565392 16464 4814 917 1579 0 0 0 0 0 0
11.697 2 AMSYS_AIRSPEED 3323 3.628901 2.455112 3.282151 22.929348
11.722 2 GPS_INT 0 0 0 0 0 0 0 0 0 0 0 0 0 0 0 0
11.773 2 BMP_STATUS 334429 32048 102673 328
11.776 2 TIMESTAMP 14500
11.797 2 AMSYS_AIRSPEED 3355 6.153353 3.196978 3.273804 22.904171
11.816 2 INS -267 -468 -63 -565392 -991040 -62736 -579 -1027 -33
11.872 2 ROTORCRAFT_FP -468 -267 65 -991040 -565392 64356 4815 916 1578 0 0 0 0 0 0
11.896 2 AMSYS_AIRSPEED 3350 5.758907 3.092814 3.256067 22.904171
11.922 2 DOWNLINK_STATUS 12 12969 381 1 1073. 31. 4.72
11.972 2 GPS_INT 0 0 0 0 0 0 0 0 0 0 0 0 0 0 0 0
11.996 2 AMSYS_AIRSPEED 3305 2.208896 1.915452 3.124687 22.904171
12.048 2 BMP_STATUS 334446 32051 102687 328
12.066 2 INS -267 -468 -37 -565392 -991040 -7333 -579 -1027 194
12.070 2 DL_VALUE 13 0.
12.096 2 AMSYS_AIRSPEED 3379 8.046693 3.655884 3.176744 22.929348
12.122 2 ROTORCRAFT_FP -468 -267 37 -991040 -565392 8812 4808 917 1573 0 0 0 0 0 0
12.203 2 AMSYS_AIRSPEED 3356 6.232242 3.217406 3.180729 22.929348
12.221 2 GPS_INT 0 0 0 0 0 0 0 0 0 0 0 0 0 0 0 0
12.259 2 ROTORCRAFT_STATUS 0 0 2 0 0 1 0 0 0 0 88 14
12.264 2 WP_MOVED_ENU 2 0 0 -2688
12.272 2 TIMESTAMP 15000
12.294 2 AMSYS_AIRSPEED 3310 2.603342 2.079454 3.072804 22.904171
12.314 2 INS -267 -468 -38 -565392 -991040 -12701 -579 -1027 -321
12.320 2 BMP_STATUS 334440 32047 102676 328
12.358 2 IMU_MAG_RAW -502 -385 -180
12.375 2 ROTORCRAFT_FP -468 -267 53 -991040 -565392 39060 4812 916 1572 0 0 0 0 0 0
12.394 2 AMSYS_AIRSPEED 3338 4.812238 2.827205 3.048735 22.904171
12.470 2 GPS_INT 0 0 0 0 0 0 0 0 0 0 0 0 0 0 0 0
12.474 2 ROTORCRAFT_NAV_STATUS 15 0 0 1 0
12.494 2 AMSYS_AIRSPEED 3299 1.735561 1.697867 2.91635 22.904171
12.564 2 INS -267 -468 -57 -565392 -991040 -42671 -579 -1027 54
12.594 2 AMSYS_AIRSPEED 3344 5.285573 2.962987 2.92092 22.929348
12.600 2 BMP_STATUS 334457 32048 102683 328
12.620 2 ROTORCRAFT_FP -468 -267 41 -991040 -565392 15205 4815 915 1571 0 0 0 0 0 0
12.698 2 AMSYS_AIRSPEED 3362 6.705577 3.33735 2.96173 22.929348
12.718 2 GPS_INT 0 0 0 0 0 0 0 0 0 0 0 0 0 0 0 0
12.771 2 TIMESTAMP 15500
12.792 2 AMSYS_AIRSPEED 3344 5.285573 2.962987 2.961854 22.929348
12.812 2 INS -267 -468 -43 -565392 -991040 -15794 -579 -1027 -181
12.868 2 ROTORCRAFT_FP -468 -267 43 -991040 -565392 18710 4809 912 1555 0 0 0 0 0 0
12.874 2 ALIVE 73,193,131,76,36,63,151,237,85,221,59,127,170,27,147,33
12.880 2 BMP_STATUS 334435 32052 102683 328
12.894 2 AMSYS_AIRSPEED 3396 9.387808 3.948806 3.058575 22.904171
12.923 2 DOWNLINK_STATUS 13 14096 415 1 1127. 34. 4.72
12.969 2 GPS_INT 0 0 0 0 0 0 0 0 0 0 0 0 0 0 0 0
12.992 2 AMSYS_AIRSPEED 3322 3.550011 2.428279 2.996806 22.904171
13.046 2 WIND_INFO 2 42 0. 0. 0.
13.062 2 INS -267 -468 -33 -565392 -991040 -2985 -579 -1027 30
13.092 2 AMSYS_AIRSPEED 3362 6.705577 3.33735 3.030179 22.954525
13.118 2 ROTORCRAFT_FP -468 -267 33 -991040 -565392 4513 4803 913 1551 0 0 0 0 0 0
13.142 2 BMP_STATUS 334430 32048 102673 328
13.153 2 DL_VALUE 14 0.
13.201 2 AMSYS_AIRSPEED 3333 4.417792 2.708859 2.99869 22.929348
13.216 2 GPS_INT 0 0 0 0 0 0 0 0 0 0 0 0 0 0 0 0
13.271 2 TIMESTAMP 16000
13.290 2 AMSYS_AIRSPEED 3356 6.232242 3.217406 3.020124 22.929348
13.310 2 INS -267 -468 -62 -565392 -991040 -52403 -579 -1027 46
13.367 2 ROTORCRAFT_FP -468 -267 63 -991040 -565392 53811 4775 907 1502 0 0 0 0 0 0
13.392 2 AMSYS_AIRSPEED 3344 5.285573 2.962987 3.014524 22.904171
13.414 2 BMP_STATUS 334441 32046 102676 328
13.465 2 GPS_INT 0 0 0 0 0 0 0 0 0 0 0 0 0 0 0 0
13.472 2 ROTORCRAFT_STATUS 0 0 2 0 0 1 0 0 0 0 88 16
13.491 2 AMSYS_AIRSPEED 3350 5.758907 3.092814 3.022197 22.904171
13.560 2 INS -267 -468 -72 -565392 -991040 -64628 -579 -1027 -47
13.564 2 WP_MOVED_ENU 3 -1459 -1177 -2688
13.589 2 AMSYS_AIRSPEED 3356 6.232242 3.217406 3.041327 22.929348
13.615 2 ROTORCRAFT_FP -468 -267 74 -991040 -565392 66126 4779 907 1502 0 0 0 0 0 0
13.688 2 BMP_STATUS 334462 32050 102689 328
13.706 2 AMSYS_AIRSPEED 3350 5.758907 3.092814 3.046373 22.929348
13.714 2 GPS_INT 0 0 0 0 0 0 0 0 0 0 0 0 0 0 0 0
13.758 2 INS_REF 380523026 58763459 506785682 9243129 1532178 56678 12000 102685
13.772 2 TIMESTAMP 16500
13.790 2 AMSYS_AIRSPEED 3356 6.232242 3.217406 3.063134 22.929348
13.809 2 INS -267 -468 -34 -565392 -991040 5298 -579 -1027 11
13.865 2 ROTORCRAFT_FP -468 -267 34 -991040 -565392 -5404 4780 907 1502 0 0 0 0 0 0
13.888 2 AMSYS_AIRSPEED 3356 6.232242 3.217406 3.078253 22.929348
13.923 2 DOWNLINK_STATUS 14 15185 446 1 1089. 31. 4.72
13.963 2 GPS_INT 0 0 0 0 0 0 0 0 0 0 0 0 0 0 0 0
13.968 2 BMP_STATUS 334437 32050 102679 328
13.988 2 AMSYS_AIRSPEED 4558 101.056992 12.955879 4.04626 22.929348
14.058 2 INS -267 -468 -40 -565392 -991040 -7385 -579 -1027 -78
14.062 2 ROTORCRAFT_NAV_STATUS 16 0 0 1 0
14.088 2 AMSYS_AIRSPEED 6846 281.555359 21.625473 5.769023 22.979706
14.114 2 ROTORCRAFT_FP -468 -267 40 -991040 -565392 7930 4781 907 1501 0 0 0 0 0 0
14.188 2 AMSYS_AIRSPEED 8285 395.076843 25.616777 7.714103 23.004883
14.212 2 GPS_INT 0 0 0 0 0 0 0 0 0 0 0 0 0 0 0 0
14.234 2 BMP_STATUS 334449 32048 102680 328
14.249 2 DL_VALUE 15 0.
14.272 2 TIMESTAMP 17000
14.288 2 AMSYS_AIRSPEED 9116 460.633698 27.660599 9.668859 23.055237
14.307 2 INS -267 -468 -41 -565392 -991040 -10341 -579 -1027 -3
14.362 2 ROTORCRAFT_FP -468 -267 41 -991040 -565392 10896 4781 907 1502 0 0 0 0 0 0
14.386 2 AMSYS_AIRSPEED 9882 521.062805 29.419058 11.604379 23.055237
14.461 2 GPS_INT 0 0 0 0 0 0 0 0 0 0 0 0 0 0 0 0
14.486 2 AMSYS_AIRSPEED 11090 616.360901 31.99641 13.602798 23.080414
14.508 2 BMP_STATUS 334445 32047 102678 328
14.556 2 INS -267 -468 -48 -565392 -991040 -23217 -579 -1027 -6
14.586 2 AMSYS_AIRSPEED 12277 710.002319 34.341053 15.635147 23.130768
14.612 2 ROTORCRAFT_FP -468 -267 49 -991040 -565392 23876 4782 908 1501 0 0 0 0 0 0
14.651 2 ROTORCRAFT_STATUS 0 0 2 0 0 1 0 0 0 0 88 17
14.685 2 I2C_ERRORS 61464 58783 61464 58783 61464 58783 61464 58783 -442503144 1
14.704 2 AMSYS_AIRSPEED 13471 804.195923 36.548088 17.684614 23.130768
14.712 2 GPS_INT 0 0 0 0 0 0 0 0 0 0 0 0 0 0 0 0
14.772 2 TIMESTAMP 17500
14.781 2 BMP_STATUS 334429 32048 102673 328
14.788 2 AMSYS_AIRSPEED 14142 857.130554 37.731773 19.649235 23.155945
14.805 2 INS -267 -468 -69 -565392 -991040 -58094 -579 -1027 -115
14.860 2 ROTORCRAFT_FP -468 -267 71 -991040 -565392 59706 4783 908 1501 0 0 0 0 0 0
14.865 2 WP_MOVED_ENU 4 -204 -204 -2688
14.884 2 AMSYS_AIRSPEED 14431 879.929504 38.230297 21.470179 23.210499
14.924 2 DOWNLINK_STATUS 15 16298 479 1 1113. 33. 4.72
14.959 2 GPS_INT 0 0 0 0 0 0 0 0 0 0 0 0 0 0 0 0
14.965 2 ALIVE 73,193,131,76,36,63,151,237,85,221,59,127,170,27,147,33
14.985 2 AMSYS_AIRSPEED 14624 895.15509 38.559631 23.144945 23.185318
15.054 2 INS -267 -468 -77 -565392 -991040 -64386 -579 -1027 -31
15.060 2 BMP_STATUS 334433 32046 102673 328
15.084 2 AMSYS_AIRSPEED 14561 890.18512 38.452438 24.645081 23.185318
15.110 2 ROTORCRAFT_FP -468 -267 86 -991040 -565392 78853 4783 909 1502 0 0 0 0 0 0
15.184 2 AMSYS_AIRSPEED 14985 923.634094 39.168205 26.068346 23.185318
15.208 2 GPS_INT 0 0 0 0 0 0 0 0 0 0 0 0 0 0 0 0
15.272 2 TIMESTAMP 18000
15.284 2 AMSYS_AIRSPEED 15290 947.695251 39.675106 27.40181 23.185318
15.302 2 INS -267 -468 -94 -565392 -991040 -83143 -579 -1027 7
15.327 2 BMP_STATUS 334446 32046 102678 328
15.346 2 IMU_MAG_RAW -502 -387 -189
15.362 2 ROTORCRAFT_FP -468 -267 81 -991040 -565392 57441 4783 909 1503 0 0 0 0 0 0
15.365 2 DL_VALUE 16 0.
15.382 2 AMSYS_AIRSPEED 15620 973.728699 40.216354 28.657635 23.210499
15.424 2 PONG 
15.458 2 GPS_INT 0 0 0 0 0 0 0 0 0 0 0 0 0 0 0 0
15.483 2 AMSYS_AIRSPEED 15816 989.190979 40.534405 29.821558 23.23148
15.552 2 INS -267 -468 -87 -565392 -991040 -61216 -579 -1027 -48
15.583 2 AMSYS_AIRSPEED 15833 990.532104 40.561874 30.874109 23.23148
15.608 2 ROTORCRAFT_FP -468 -267 88 -991040 -565392 61551 4784 909 1503 0 0 0 0 0 0
15.613 2 BMP_STATUS 334424 32047 102670 328
15.643 2 ROTORCRAFT_NAV_STATUS 18 0 0 1 0
15.681 2 AMSYS_AIRSPEED 15747 983.74762 40.422722 31.809874 23.210499
15.706 2 GPS_INT 0 0 0 0 0 0 0 0 0 0 0 0 0 0 0 0
15.771 2 TIMESTAMP 18500
15.781 2 AMSYS_AIRSPEED 15764 985.088745 40.450268 32.656631 23.23148
15.800 2 INS -267 -468 -110 -565392 -991040 -88362 -579 -1027 -65
15.856 2 ROTORCRAFT_FP -468 -267 112 -991040 -565392 89081 4785 909 1503 0 0 0 0 0 0
15.862 2 ROTORCRAFT_STATUS 0 0 2 0 0 1 0 0 0 0 88 18
15.874 2 BMP_STATUS 334428 32044 102664 328
15.881 2 AMSYS_AIRSPEED 15753 984.220947 40.432446 33.418659 23.210499
15.924 2 DOWNLINK_STATUS 16 17412 513 1 1114. 34. 5.43
15.956 2 GPS_INT 0 0 0 0 0 0 0 0 0 0 0 0 0 0 0 0
15.981 2 AMSYS_AIRSPEED 15822 989.664307 40.544102 34.116951 23.210499
16.050 2 INS -267 -468 -146 -565392 -991040 -132389 -579 -1027 -8
16.080 2 AMSYS_AIRSPEED 16046 1007.335449 40.904472 34.782127 23.210499
16.106 2 ROTORCRAFT_FP -468 -267 149 -991040 -565392 133259 4785 909 1504 0 0 0 0 0 0
16.144 2 WP_MOVED_ENU 5 -204 -204 -2688
16.150 2 BMP_STATUS 334434 32045 102670 328
16.180 2 AMSYS_AIRSPEED 16184 1018.222168 41.124912 35.403721 23.210499
16.204 2 GPS_INT 0 0 0 0 0 0 0 0 0 0 0 0 0 0 0 0
16.272 2 TIMESTAMP 19000
16.279 2 AMSYS_AIRSPEED 16552 1047.253418 41.707062 36.021446 23.23148
16.299 2 INS -267 -468 -150 -565392 -991040 -117012 -579 -1027 -44
16.354 2 ROTORCRAFT_FP -468 -267 152 -991040 -565392 117872 4785 910 1506 0 0 0 0 0 0
16.378 2 AMSYS_AIRSPEED 17158 1095.060181 42.648396 36.670887 23.185318
16.422 2 BMP_STATUS 334453 32042 102673 327
16.454 2 GPS_INT 0 0 0 0 0 0 0 0 0 0 0 0 0 0 0 0
16.457 2 DL_VALUE 17 0.
16.479 2 AMSYS_AIRSPEED 17207 1098.925781 42.723606 37.264053 23.210499
16.548 2 INS -267 -468 -139 -565392 -991040 -82218 -579 -1027 -18
16.578 2 AMSYS_AIRSPEED 17270 1103.895752 42.820107 37.808544 23.23148
16.604 2 ROTORCRAFT_FP -468 -267 141 -991040 -565392 83099 4785 910 1507 0 0 0 0 0 0
16.678 2 AMSYS_AIRSPEED 17270 1103.895752 42.820107 38.299675 23.210499
16.706 2 GPS_INT 0 0 0 0 0 0 0 0 0 0 0 0 0 0 0 0
16.708 2 BMP_STATUS 334425 32048 102671 328
16.772 2 TIMESTAMP 19500
16.778 2 AMSYS_AIRSPEED 17316 1107.524658 42.89043 38.749569 23.23148
16.797 2 INS -267 -468 -137 -565392 -991040 -65973 -579 -1027 -18
16.853 2 ROTORCRAFT_FP -468 -267 138 -991040 -565392 66363 4786 911 1508 0 0 0 0 0 0
16.876 2 AMSYS_AIRSPEED 17259 1103.027954 42.803272 39.146832 23.23148
16.925 2 DOWNLINK_STATUS 17 18440 542 1 1028. 29. 5.43
16.952 2 GPS_INT 0 0 0 0 0 0 0 0 0 0 0 0 0 0 0 0
16.969 2 BMP_STATUS 334433 32043 102666 327
16.977 2 AMSYS_AIRSPEED 17167 1095.770142 42.66222 39.491341 23.210499
17.046 2 INS -267 -468 -150 -565392 -991040 -77973 -579 -1027 -55
17.052 2 ROTORCRAFT_STATUS 0 0 2 0 0 1 0 0 0 0 88 19
17.058 2 ALIVE 73,193,131,76,36,63,151,237,85,221,59,127,170,27,147,33
17.076 2 AMSYS_AIRSPEED 15985 1002.523254 40.806652 39.620239 23.185318
17.101 2 ROTORCRAFT_FP -468 -267 152 -991040 -565392 78581 4788 912 1508 0 0 0 0 0 0
17.176 2 AMSYS_AIRSPEED 14371 875.196167 38.127331 39.473934 23.185318
17.208 2 GPS_INT 0 0 0 0 0 0 0 0 0 0 0 0 0 0 0 0
17.237 2 ROTORCRAFT_NAV_STATUS 19 0 0 1 0
17.243 2 BMP_STATUS 334428 32046 102672 328
17.275 2 AMSYS_AIRSPEED 9785 513.410522 29.202236 38.467308 23.055237
17.277 2 TIMESTAMP 20000
17.295 2 INS -267 -468 -139 -565392 -991040 -46686 -579 -1027 -41
17.349 2 ROTORCRAFT_FP -468 -267 140 -991040 -565392 47376 4787 913 1507 0 0 0 0 0 0
17.374 2 AMSYS_AIRSPEED 5157 148.311584 15.695359 36.235657 22.979706
17.449 2 GPS_INT 0 0 0 0 0 0 0 0 0 0 0 0 0 0 0 0
17.454 2 WP_MOVED_ENU 6 -230 -230 -2688
17.473 2 AMSYS_AIRSPEED 3772 39.050125 8.053691 33.473824 22.929348
17.515 2 BMP_STATUS 334424 32046 102670 328
17.544 2 INS -267 -468 0 -565392 -991040 -204 -579 -1027 -22
17.548 2 DL_VALUE 18 13.
17.575 2 AMSYS_AIRSPEED 4365 85.83139 11.940067 31.363516 22.929348
17.599 2 ROTORCRAFT_FP -468 -267 0 -991040 -565392 1198 4788 913 1509 0 0 0 0 0 0
17.674 2 AMSYS_AIRSPEED 4336 83.543602 11.779865 29.444319 22.954525
17.705 2 GPS_INT 0 0 0 0 0 0 0 0 0 0 0 0 0 0 0 0
17.774 2 AMSYS_AIRSPEED 4371 86.304726 11.972945 27.732124 22.954525
17.775 2 TIMESTAMP 20500
17.793 2 INS -267 -468 0 -565392 -991040 -4191 -579 -1027 -102
17.798 2 BMP_STATUS 334423 32044 102662 328
17.849 2 ROTORCRAFT_FP -468 -267 33 -991040 -565392 57081 4784 913 1508 0 0 0 0 0 0
17.872 2 AMSYS_AIRSPEED 4530 98.848099 12.813503 26.2701 22.954525
17.924 2 DOWNLINK_STATUS 18 19549 575 1 1109. 33. 5.43
17.947 2 GPS_INT 0 0 0 0 0 0 0 0 0 0 0 0 0 0 0 0
17.972 2 AMSYS_AIRSPEED 4017 58.377968 9.847096 24.660646 22.954525
18.043 2 INS -267 -468 -38 -565392 -991040 -60624 -579 -1027 -60
18.062 2 BMP_STATUS 334414 32042 102659 327
18.072 2 AMSYS_AIRSPEED 3703 33.606773 7.471316 22.976093 22.954525
18.097 2 ROTORCRAFT_FP -468 -267 62 -991040 -565392 96768 4784 912 1510 0 0 0 0 0 0
18.172 2 AMSYS_AIRSPEED 3277 0. 0. 20.724436 22.979706
18.206 2 GPS_INT 0 0 0 0 0 0 0 0 0 0 0 0 0 0 0 0
18.236 2 ROTORCRAFT_STATUS 0 0 2 0 0 1 0 0 0 0 88 20
18.272 2 AMSYS_AIRSPEED 4091 64.215759 10.327722 19.705559 22.979706
18.274 2 TIMESTAMP 21000
18.291 2 INS -267 -468 -72 -565392 -991040 -101244 -579 -1027 -14
18.334 2 IMU_MAG_RAW -499 -386 -188
18.340 2 BMP_STATUS 334432 32045 102669 328
18.357 2 ROTORCRAFT_FP -468 -267 74 -991040 -565392 102249 4785 911 1510 0 0 0 0 0 0
18.371 2 AMSYS_AIRSPEED 3863 46.229038 8.762765 18.633165 22.954525
18.445 2 GPS_INT 0 0 0 0 0 0 0 0 0 0 0 0 0 0 0 0
18.470 2 AMSYS_AIRSPEED 3995 56.642406 9.699616 17.757677 22.954525
18.540 2 INS -267 -468 -53 -565392 -991040 -62261 -579 -1027 -75
18.570 2 AMSYS_AIRSPEED 3869 46.702374 8.807511 16.880562 22.929348
18.595 2 ROTORCRAFT_FP -468 -267 55 -991040 -565392 62990 4785 910 1510 0 0 0 0 0 0
18.609 2 BMP_STATUS 334428 32042 102664 327
18.631 2 DL_VALUE 19 0.
18.670 2 AMSYS_AIRSPEED 4171 70.526894 10.823335 16.286953 22.954525
18.709 2 GPS_INT 0 0 0 0 0 0 0 0 0 0 0 0 0 0 0 0
18.734 2 WP_MOVED_ENU 7 0 256 -2304
18.771 2 AMSYS_AIRSPEED 3783 39.917908 8.142684 15.488815 22.929348
18.772 2 TIMESTAMP 21500
18.789 2 INS -267 -468 -58 -565392 -991040 -62827 -579 -1027 -45
18.844 2 ROTORCRAFT_FP -468 -267 60 -991040 -565392 63927 4785 910 1509 0 0 0 0 0 0
18.848 2 ROTORCRAFT_NAV_STATUS 1 0 1 1 0
18.869 2 AMSYS_AIRSPEED 3790 40.470131 8.198814 14.774396 22.954525
18.882 2 BMP_STATUS 334416 32042 102660 327
18.925 2 DOWNLINK_STATUS 19 20653 608 1 1104. 33. 5.43
18.943 2 GPS_INT 0 0 0 0 0 0 0 0 0 0 0 0 0 0 0 0
18.967 2 AMSYS_AIRSPEED 3578 23.745632 6.280231 13.941968 22.954525
19.039 2 INS -267 -468 -75 -565392 -991040 -81110 -579 -1027 -103
19.068 2 AMSYS_AIRSPEED 3385 8.520027 3.761874 12.944319 22.979706
19.094 2 ROTORCRAFT_FP -468 -267 77 -991040 -565392 81778 4788 908 1511 0 0 0 0 0 0
19.133 2 ALIVE 73,193,131,76,36,63,151,237,85,221,59,127,170,27,147,33
19.156 2 BMP_STATUS 334429 32042 102664 327
19.168 2 AMSYS_AIRSPEED 3487 16.566721 5.245683 12.189853 22.929348
19.194 2 GPS_INT 0 0 0 0 0 0 0 0 0 0 0 0 0 0 0 0
19.267 2 AMSYS_AIRSPEED 4257 77.311363 11.331969 12.10578 22.954525
19.271 2 TIMESTAMP 22000
19.287 2 INS -267 -468 -72 -565392 -991040 -65451 -579 -1027 -92
19.342 2 ROTORCRAFT_FP -468 -267 73 -991040 -565392 66066 4788 908 1512 0 0 0 0 0 0
19.366 2 AMSYS_AIRSPEED 4661 109.182571 13.466675 12.239147 23.004883
19.428 2 BMP_STATUS 334425 32042 102663 327
19.445 2 GPS_INT 0 0 0 0 0 0 0 0 0 0 0 0 0 0 0 0
19.451 2 ROTORCRAFT_STATUS 0 0 2 0 0 1 0 0 0 0 88 22
19.466 2 AMSYS_AIRSPEED 3277 0. 0. 11.039711 22.929348
19.537 2 INS -267 -468 -72 -565392 -991040 -57008 -579 -1027 -91
19.566 2 AMSYS_AIRSPEED 3812 42.205692 8.372771 10.778351 22.954525
19.592 2 ROTORCRAFT_FP -468 -267 73 -991040 -565392 57589 4790 908 1512 0 0 0 0 0 0
19.665 2 AMSYS_AIRSPEED 3869 46.702374 8.807511 10.585209 22.954525
19.692 2 GPS_INT 0 0 0 0 0 0 0 0 0 0 0 0 0 0 0 0
19.706 2 BMP_STATUS 334422 32040 102654 327
19.726 2 DL_VALUE 20 0.
19.764 2 AMSYS_AIRSPEED 3989 56.169071 9.659004 10.49444 22.954525
19.771 2 TIMESTAMP 22500
19.784 2 INS -267 -468 -101 -565392 -991040 -96791 -579 -1027 -96
19.840 2 ROTORCRAFT_FP -468 -267 103 -991040 -565392 97049 4791 907 1511 0 0 0 0 0 0
19.865 2 AMSYS_AIRSPEED 3277 0. 0. 9.465985 22.929348
19.925 2 DOWNLINK_STATUS 20 21708 638 1 1055. 30. 5.43
19.940 2 GPS_INT 0 0 0 0 0 0 0 0 0 0 0 0 0 0 0 0
19.964 2 AMSYS_AIRSPEED 3277 0. 0. 8.538319 22.904171
19.976 2 BMP_STATUS 334429 32039 102656 327
20.034 2 INS -267 -468 -114 -565392 -991040 -103679 -579 -1027 -124
20.038 2 WP_MOVED_ENU 8 256 0 -1536
20.064 2 AMSYS_AIRSPEED 3277 0. 0. 7.701563 22.929348
20.090 2 ROTORCRAFT_FP -468 -267 117 -991040 -565392 105176 4792 907 1511 0 0 0 0 0 0
20.163 2 AMSYS_AIRSPEED 3277 0. 0. 6.94681 22.929348
20.189 2 GPS_INT 0 0 0 0 0 0 0 0 0 0 0 0 0 0 0 0
20.249 2 BMP_STATUS 334413 32044 102658 328
20.262 2 AMSYS_AIRSPEED 3277 0. 0. 6.266023 22.929348
20.271 2 TIMESTAMP 23000
20.282 2 INS -267 -468 -116 -565392 -991040 -90993 -579 -1027 -43
20.338 2 ROTORCRAFT_FP -468 -267 119 -991040 -565392 92247 4791 907 1511 0 0 0 0 0 0
20.362 2 AMSYS_AIRSPEED 6893 285.263153 21.767401 7.785158 23.034256
20.439 2 GPS_INT 0 0 0 0 0 0 0 0 0 0 0 0 0 0 0 0
20.441 2 ROTORCRAFT_NAV_STATUS 2 2 2 0 0
20.443 2 PONG 
20.462 2 AMSYS_AIRSPEED 9210 468.049286 27.882359 9.754683 22.904171
20.523 2 BMP_STATUS 334415 32038 102651 327
20.535 2 INS -267 -468 -138 -565392 -991040 -109467 -579 -1027 -243
20.562 2 AMSYS_AIRSPEED 3300 1.81445 1.736026 8.968855 22.929348
20.588 2 ROTORCRAFT_FP -468 -267 141 -991040 -565392 113514 4799 904 1513 0 0 0 0 0 0
20.626 2 ROTORCRAFT_STATUS 0 0 2 0 0 1 0 0 0 0 88 23
20.662 2 AMSYS_AIRSPEED 3305 2.208896 1.915452 8.277622 22.954525
20.687 2 GPS_INT 0 0 0 0 0 0 0 0 0 0 0 0 0 0 0 0
20.760 2 AMSYS_AIRSPEED 3277 0. 0. 7.466415 22.954525
20.771 2 TIMESTAMP 23500
20.782 2 INS -267 -468 -152 -565392 -991040 -117884 -579 -1027 69
20.796 2 BMP_STATUS 334428 32042 102664 327
20.836 2 ROTORCRAFT_FP -468 -267 115 -991040 -565392 50538 4788 905 1504 0 0 0 0 0 0
20.839 2 DL_VALUE 21 1024.
20.860 2 AMSYS_AIRSPEED 3282 0.394446 0.809426 6.814031 22.954525
20.926 2 DOWNLINK_STATUS 21 22800 671 1 1092. 33. 23.84
20.937 2 GPS_INT 0 0 0 0 0 0 0 0 0 0 0 0 0 0 0 0
20.961 2 AMSYS_AIRSPEED 3277 0. 0. 6.146255 22.954525
21.030 2 INS -267 -468 -120 -565392 -991040 -54260 -579 -1027 -485
21.060 2 AMSYS_AIRSPEED 3277 0. 0. 5.543922 22.929348
21.070 2 BMP_STATUS 334416 32041 102656 327
21.087 2 ROTORCRAFT_FP -468 -267 119 -991040 -565392 45650 4771 907 1491 0 0 0 0 0 0
21.159 2 AMSYS_AIRSPEED 3277 0. 0. 5.000618 22.929348
21.186 2 GPS_INT 0 0 0 0 0 0 0 0 0 0 0 0 0 0 0 0
21.223 2 ALIVE 73,193,131,76,36,63,151,237,85,221,59,127,170,27,147,33
21.258 2 AMSYS_AIRSPEED 3356 6.232242 3.217406 4.825863 22.929348
21.278 2 INS -267 -468 -124 -565392 -991040 -50679 -579 -1027 1185
21.281 2 TIMESTAMP 24000
21.322 2 IMU_MAG_RAW -503 -387 -189
21.339 2 ROTORCRAFT_FP -468 -267 125 -991040 -565392 56034 4787 907 1514 0 0 0 0 0 0
21.344 2 WP_MOVED_ENU 9 256 256 -768
21.350 2 BMP_STATUS 334424 32042 102663 327
21.358 2 AMSYS_AIRSPEED 3277 0. 0. 4.352929 22.929348
21.435 2 GPS_INT 0 0 0 0 0 0 0 0 0 0 0 0 0 0 0 0
21.458 2 AMSYS_AIRSPEED 3311 2.682231 2.110726 4.133193 22.929348
21.528 2 INS -267 -468 -101 -565392 -991040 -12759 -579 -1027 230
21.558 2 AMSYS_AIRSPEED 3339 4.891127 2.850284 4.007468 22.929348
21.584 2 ROTORCRAFT_FP -468 -267 101 -991040 -565392 12805 4783 909 1516 0 0 0 0 0 0
21.617 2 BMP_STATUS 334439 32035 102655 327
21.657 2 AMSYS_AIRSPEED 3344 5.285573 2.962987 3.905108 22.954525
21.682 2 GPS_INT 0 0 0 0 0 0 0 0 0 0 0 0 0 0 0 0
21.757 2 AMSYS_AIRSPEED 3323 3.628901 2.455112 3.763009 22.954525
21.776 2 INS -267 -468 -112 -565392 -991040 -29329 -579 -1027 -73
21.779 2 TIMESTAMP 24500
21.832 2 ROTORCRAFT_FP -468 -267 112 -991040 -565392 30965 4786 908 1517 0 0 0 0 0 0
21.838 2 ROTORCRAFT_STATUS 0 0 2 0 0 1 0 0 0 0 88 24
21.856 2 AMSYS_AIRSPEED 3333 4.417792 2.708859 3.659702 22.954525
21.890 2 BMP_STATUS 334411 32040 102650 327
21.927 2 DOWNLINK_STATUS 22 23903 703 1 1103. 32. 23.84
21.932 2 GPS_INT 0 0 0 0 0 0 0 0 0 0 0 0 0 0 0 0
21.933 2 DL_VALUE 22 800.
21.956 2 AMSYS_AIRSPEED 3344 5.285573 2.962987 3.591424 22.929348
22.025 2 INS -267 -468 -136 -565392 -991040 -66638 -579 -1027 -132
22.029 2 ROTORCRAFT_NAV_STATUS 3 3 2 0 0
22.057 2 AMSYS_AIRSPEED 3362 6.705577 3.33735 3.566525 22.954525
22.082 2 ROTORCRAFT_FP -468 -267 138 -991040 -565392 67316 4785 909 1519 0 0 0 0 0 0
22.155 2 AMSYS_AIRSPEED 3350 5.758907 3.092814 3.520101 22.954525
22.163 2 BMP_STATUS 334424 32035 102650 327
22.180 2 GPS_INT 0 0 0 0 0 0 0 0 0 0 0 0 0 0 0 0
22.254 2 AMSYS_AIRSPEED 3356 6.232242 3.217406 3.490437 22.929348
22.274 2 INS -267 -468 -154 -565392 -991040 -85457 -579 -1027 -58
22.277 2 TIMESTAMP 25000
22.330 2 ROTORCRAFT_FP -468 -267 156 -991040 -565392 86265 4784 911 1521 0 0 0 0 0 0
22.354 2 AMSYS_AIRSPEED 3367 7.100023 3.434105 3.484916 22.979706
22.429 2 GPS_INT 0 0 0 0 0 0 0 0 0 0 0 0 0 0 0 0
22.436 2 BMP_STATUS 334407 32035 102643 327
22.454 2 AMSYS_AIRSPEED 3356 6.232242 3.217406 3.4587 22.929348
22.524 2 INS -267 -468 -189 -565392 -991040 -128258 -579 -1027 -17
22.554 2 AMSYS_AIRSPEED 3356 6.232242 3.217406 3.435054 22.954525
22.580 2 ROTORCRAFT_FP -468 -267 192 -991040 -565392 129008 4783 911 1520 0 0 0 0 0 0
22.617 2 WP_MOVED_ENU 0 10752 10752 -3072
22.654 2 AMSYS_AIRSPEED 3362 6.705577 3.33735 3.425479 22.954525
22.679 2 GPS_INT 0 0 0 0 0 0 0 0 0 0 0 0 0 0 0 0
22.711 2 BMP_STATUS 334415 32036 102647 327
22.752 2 AMSYS_AIRSPEED 3356 6.232242 3.217406 3.405087 22.954525
22.772 2 INS -267 -468 -200 -565392 -991040 -124184 -579 -1027 -54
22.775 2 TIMESTAMP 25500
22.828 2 ROTORCRAFT_FP -468 -267 203 -991040 -565392 124970 4781 911 1521 0 0 0 0 0 0
22.835 2 I2C_ERRORS 61464 58783 61464 58783 61464 58783 61464 58783 -442503144 0
22.852 2 AMSYS_AIRSPEED 3356 6.232242 3.217406 3.386695 22.954525
22.927 2 GPS_INT 0 0 0 0 0 0 0 0 0 0 0 0 0 0 0 0
22.927 2 DOWNLINK_STATUS 23 25033 735 1 1130. 32. 23.84
22.952 2 AMSYS_AIRSPEED 3362 6.705577 3.33735 3.381859 22.954525
22.983 2 BMP_STATUS 334432 32035 102653 327
23.022 2 INS -267 -468 -187 -565392 -991040 -80517 -579 -1027 -26
23.025 2 DL_VALUE 23 600.
23.031 2 ROTORCRAFT_STATUS 0 0 2 0 0 1 0 0 0 0 87 25
23.034 2 UART_ERRORS 0 0 0 1
23.046 2 WIND_INFO 2 42 0. 0. 0.
23.052 2 AMSYS_AIRSPEED 3362 6.705577 3.33735 3.377497 22.954525
23.078 2 ROTORCRAFT_FP -468 -267 189 -991040 -565392 81500 4777 912 1520 0 0 0 0 0 0
23.152 2 AMSYS_AIRSPEED 3350 5.758907 3.092814 3.349598 22.954525
23.177 2 GPS_INT 0 0 0 0 0 0 0 0 0 0 0 0 0 0 0 0
23.251 2 AMSYS_AIRSPEED 3362 6.705577 3.33735 3.348398 22.979706
23.257 2 BMP_STATUS 334405 32037 102646 327
23.271 2 INS -267 -468 -197 -565392 -991040 -84405 -579 -1027 -5
23.274 2 TIMESTAMP 26000
23.327 2 ROTORCRAFT_FP -468 -267 199 -991040 -565392 85022 4774 913 1519 0 0 0 0 0 0
23.332 2 ALIVE 73,193,131,76,36,63,151,237,85,221,59,127,170,27,147,33
23.350 2 AMSYS_AIRSPEED 3350 5.758907 3.092814 3.323351 22.954525
23.425 2 GPS_INT 0 0 0 0 0 0 0 0 0 0 0 0 0 0 0 0
23.450 2 AMSYS_AIRSPEED 3362 6.705577 3.33735 3.324723 22.954525
23.520 2 INS -267 -468 -207 -565392 -991040 -87840 -579 -1027 -16
23.531 2 BMP_STATUS 334411 32033 102641 327
23.550 2 AMSYS_AIRSPEED 3367 7.100023 3.434105 3.335442 22.954525
23.576 2 ROTORCRAFT_FP -468 -267 221 -991040 -565392 107792 4762 915 1515 0 0 0 0 0 0
23.612 2 ROTORCRAFT_NAV_STATUS 5 5 2 0 0
23.650 2 AMSYS_AIRSPEED 3356 6.232242 3.217406 3.323874 22.954525
23.674 2 GPS_INT 0 0 0 0 0 0 0 0 0 0 0 0 0 0 0 0
23.749 2 AMSYS_AIRSPEED 3356 6.232242 3.217406 3.313441 22.929348
23.768 2 INS -267 -468 -231 -565392 -991040 -110335 -579 -1027 9
23.771 2 TIMESTAMP 26500
23.803 2 BMP_STATUS 334413 32035 102646 327
23.824 2 ROTORCRAFT_FP -468 -267 220 -991040 -565392 87528 4761 914 1513 0 0 0 0 0 0
23.848 2 AMSYS_AIRSPEED 3356 6.232242 3.217406 3.304029 22.929348
23.923 2 GPS_INT 0 0 0 0 0 0 0 0 0 0 0 0 0 0 0 0
23.927 2 DOWNLINK_STATUS 24 26136 768 1 1103. 33. 23.84
23.928 2 WP_MOVED_ENU 1 -51 -153 -2688
23.948 2 AMSYS_AIRSPEED 3362 6.705577 3.33735 3.307295 22.954525
24.018 2 INS -267 -468 -229 -565392 -991040 -90532 -579 -1027 -44
24.048 2 AMSYS_AIRSPEED 3367 7.100023 3.434105 3.319722 22.954525
24.074 2 ROTORCRAFT_FP -468 -267 231 -991040 -565392 90951 4759 914 1512 0 0 0 0 0 0
24.080 2 BMP_STATUS 334411 32036 102646 327
24.110 2 DL_VALUE 24 100.
24.148 2 AMSYS_AIRSPEED 3344 5.285573 2.962987 3.284762 22.954525
24.173 2 GPS_INT 0 0 0 0 0 0 0 0 0 0 0 0 0 0 0 0
24.219 2 ROTORCRAFT_STATUS 0 0 2 0 0 1 0 0 0 0 88 26
24.248 2 AMSYS_AIRSPEED 3367 7.100023 3.434105 3.299398 22.954525
24.267 2 INS -267 -468 -225 -565392 -991040 -71089 -579 -1027 -16
24.271 2 TIMESTAMP 27000
24.310 2 IMU_MAG_RAW -502 -388 -186
24.327 2 ROTORCRAFT_FP -468 -267 227 -991040 -565392 71792 4759 914 1511 0 0 0 0 0 0
24.346 2 AMSYS_AIRSPEED 3362 6.705577 3.33735 3.303117 22.954525
24.352 2 BMP_STATUS 334403 32035 102642 327
24.421 2 GPS_INT 0 0 0 0 0 0 0 0 0 0 0 0 0 0 0 0
24.447 2 AMSYS_AIRSPEED 3344 5.285573 2.962987 3.269784 22.954525
24.516 2 INS -267 -468 -234 -565392 -991040 -75322 -579 -1027 -73
24.546 2 AMSYS_AIRSPEED 3327 3.944457 2.559631 3.200189 22.929348
24.572 2 ROTORCRAFT_FP -468 -267 236 -991040 -565392 76312 4762 915 1511 0 0 0 0 0 0
24.625 2 BMP_STATUS 334405 32032 102636 327
24.646 2 AMSYS_AIRSPEED 3373 7.573358 3.546729 3.23415 22.954525
24.671 2 GPS_INT 0 0 0 0 0 0 0 0 0 0 0 0 0 0 0 0
24.745 2 AMSYS_AIRSPEED 3390 8.914474 3.847969 3.294305 22.954525
24.764 2 INS -267 -468 -260 -565392 -991040 -106651 -579 -1027 120
24.770 2 TIMESTAMP 27500
24.820 2 ROTORCRAFT_FP -468 -267 263 -991040 -565392 102640 4744 911 1474 0 0 0 0 0 0
24.844 2 AMSYS_AIRSPEED 3317 3.155566 2.289403 3.195824 22.954525
24.897 2 BMP_STATUS 334409 32035 102644 327
24.919 2 GPS_INT 0 0 0 0 0 0 0 0 0 0 0 0 0 0 0 0
24.929 2 DOWNLINK_STATUS 25 27227 800 1 1091. 32. 23.84
24.947 2 AMSYS_AIRSPEED 3327 3.944457 2.559631 3.133477 22.954525
25.014 2 INS -267 -468 -251 -565392 -991040 -72260 -579 -1027 -121
25.044 2 AMSYS_AIRSPEED 3317 3.155566 2.289403 3.050758 22.979706
25.071 2 ROTORCRAFT_FP -468 -267 253 -991040 -565392 72946 4751 915 1503 0 0 0 0 0 0
25.143 2 AMSYS_AIRSPEED 3317 3.155566 2.289403 2.976145 22.954525
25.168 2 GPS_INT 0 0 0 0 0 0 0 0 0 0 0 0 0 0 0 0
25.174 2 BMP_STATUS 334397 32036 102640 327
25.209 2 DL_VALUE 25 300.
25.210 2 WP_MOVED_ENU 2 0 0 -2688
25.213 2 ROTORCRAFT_NAV_STATUS 6 6 2 0 0
25.243 2 AMSYS_AIRSPEED 3323 3.628901 2.455112 2.925084 22.954525
25.263 2 INS -267 -468 -255 -565392 -991040 -67607 -579 -1027 -72
25.270 2 TIMESTAMP 28000
25.318 2 ROTORCRAFT_FP -468 -267 257 -991040 -565392 69682 4757 913 1517 0 0 0 0 0 0
25.342 2 AMSYS_AIRSPEED 3385 8.520027 3.761874 3.007089 22.954525
25.418 2 GPS_INT 0 0 0 0 0 0 0 0 0 0 0 0 0 0 0 0
25.424 2 ROTORCRAFT_STATUS 0 0 2 0 0 1 0 0 0 0 88 27
25.430 2 ALIVE 73,193,131,76,36,63,151,237,85,221,59,127,170,27,147,33
25.431 2 PONG 
25.443 2 AMSYS_AIRSPEED 3327 3.944457 2.559631 2.963238 22.929348
25.449 2 BMP_STATUS 334421 32036 102649 327
25.512 2 INS -267 -468 -229 -565392 -991040 -13307 -579 -1027 120
25.541 2 AMSYS_AIRSPEED 3379 8.046693 3.655884 3.031117 22.954525
25.569 2 ROTORCRAFT_FP -468 -267 229 -991040 -565392 13107 4745 912 1500 0 0 0 0 0 0
25.642 2 AMSYS_AIRSPEED 3344 5.285573 2.962987 3.024441 22.954525
25.667 2 GPS_INT 0 0 0 0 0 0 0 0 0 0 0 0 0 0 0 0
25.719 2 BMP_STATUS 334393 32032 102632 327
25.742 2 AMSYS_AIRSPEED 3350 5.758907 3.092814 3.031141 22.954525
25.761 2 INS -267 -468 -262 -565392 -991040 -67963 -579 -1027 -178
25.770 2 TIMESTAMP 28500
25.817 2 ROTORCRAFT_FP -468 -267 263 -991040 -565392 69718 4741 913 1500 0 0 0 0 0 0
25.840 2 AMSYS_AIRSPEED 3350 5.758907 3.092814 3.037185 22.954525
25.916 2 GPS_INT 0 0 0 0 0 0 0 0 0 0 0 0 0 0 0 0
25.929 2 DOWNLINK_STATUS 26 28320 833 1 1093. 33. 11.33
25.941 2 AMSYS_AIRSPEED 3356 6.232242 3.217406 3.054847 22.954525
25.992 2 BMP_STATUS 334391 32035 102635 327
26.010 2 INS -267 -468 -277 -565392 -991040 -83097 -579 -1027 -24
26.041 2 AMSYS_AIRSPEED 3350 5.758907 3.092814 3.058568 22.979706
26.066 2 ROTORCRAFT_FP -468 -267 279 -991040 -565392 84024 4744 912 1499 0 0 0 0 0 0
26.139 2 AMSYS_AIRSPEED 3333 4.417792 2.708859 3.024296 22.954525
26.164 2 GPS_INT 0 0 0 0 0 0 0 0 0 0 0 0 0 0 0 0
26.239 2 AMSYS_AIRSPEED 3350 5.758907 3.092814 3.031011 22.954525
26.260 2 INS -267 -468 -287 -565392 -991040 -86630 -579 -1027 -29
26.265 2 BMP_STATUS 334409 32032 102640 327
26.271 2 TIMESTAMP 29000
26.316 2 ROTORCRAFT_FP -468 -267 273 -991040 -565392 60517 4746 911 1498 0 0 0 0 0 0
26.317 2 DL_VALUE 26 800.
26.340 2 AMSYS_AIRSPEED 3344 5.285573 2.962987 3.024344 22.979706
26.413 2 GPS_INT 0 0 0 0 0 0 0 0 0 0 0 0 0 0 0 0
26.438 2 AMSYS_AIRSPEED 3350 5.758907 3.092814 3.031054 22.954525
26.508 2 INS -267 -468 -279 -565392 -991040 -62856 -579 -1027 -52
26.513 2 WP_MOVED_ENU 3 -1459 -1177 -2688
26.538 2 AMSYS_AIRSPEED 3356 6.232242 3.217406 3.049317 22.954525
26.544 2 BMP_STATUS 334395 32030 102629 327
26.564 2 ROTORCRAFT_FP -468 -267 302 -991040 -565392 99465 4745 909 1499 0 0 0 0 0 0
26.603 2 ROTORCRAFT_STATUS 0 0 2 0 0 1 0 0 0 0 88 29
26.638 2 AMSYS_AIRSPEED 3350 5.758907 3.092814 3.05358 22.954525
26.663 2 GPS_INT 0 0 0 0 0 0 0 0 0 0 0 0 0 0 0 0
26.737 2 AMSYS_AIRSPEED 3350 5.758907 3.092814 3.057425 22.954525
26.758 2 INS -267 -468 -312 -565392 -991040 -102507 -579 -1027 -4
26.771 2 TIMESTAMP 29500
26.812 2 ROTORCRAFT_FP -468 -267 314 -991040 -565392 103384 4746 909 1501 0 0 0 0 0 0
26.818 2 ROTORCRAFT_NAV_STATUS 8 8 2 0 0
26.823 2 BMP_STATUS 334403 32030 102632 327
26.840 2 AMSYS_AIRSPEED 3339 4.891127 2.850284 3.037125 22.954525
26.885 2 I2C_ERRORS 61464 58783 61464 58783 61464 58783 61464 58783 -442503144 1
26.911 2 GPS_INT 0 0 0 0 0 0 0 0 0 0 0 0 0 0 0 0
26.929 2 DOWNLINK_STATUS 27 29433 866 1 1113. 33. 11.33
26.935 2 AMSYS_AIRSPEED 3339 4.891127 2.850284 3.018815 22.954525
27.006 2 INS -267 -468 -323 -565392 -991040 -104915 -579 -1027 -37
27.036 2 AMSYS_AIRSPEED 3350 5.758907 3.092814 3.026067 22.954525
27.061 2 ROTORCRAFT_FP -468 -267 326 -991040 -565392 105804 4747 909 1501 0 0 0 0 0 0
27.084 2 BMP_STATUS 334391 32032 102631 327
27.135 2 AMSYS_AIRSPEED 3344 5.285573 2.962987 3.019885 22.954525
27.160 2 GPS_INT 0 0 0 0 0 0 0 0 0 0 0 0 0 0 0 0
27.235 2 AMSYS_AIRSPEED 3356 6.232242 3.217406 3.039242 22.954525
27.255 2 INS -267 -468 -333 -565392 -991040 -103680 -579 -1027 -18
27.271 2 TIMESTAMP 30000
27.298 2 IMU_MAG_RAW -494 -390 -187
27.315 2 ROTORCRAFT_FP -468 -267 335 -991040 -565392 104579 4747 909 1502 0 0 0 0 0 0
27.335 2 AMSYS_AIRSPEED 3339 4.891127 2.850284 3.020724 22.979706
27.357 2 BMP_STATUS 334415 32030 102639 327
27.409 2 GPS_INT 0 0 0 0 0 0 0 0 0 0 0 0 0 0 0 0
27.412 2 DL_VALUE 27 600.
27.433 2 AMSYS_AIRSPEED 3356 6.232242 3.217406 3.039999 22.979706
27.504 2 INS -267 -468 -311 -565392 -991040 -53757 -579 -1027 -51
27.511 2 ALIVE 73,193,131,76,36,63,151,237,85,221,59,127,170,27,147,33
27.535 2 AMSYS_AIRSPEED 3350 5.758907 3.092814 3.045175 22.979706
27.559 2 ROTORCRAFT_FP -468 -267 312 -991040 -565392 54427 4747 909 1501 0 0 0 0 0 0
27.632 2 BMP_STATUS 334402 32034 102641 327
27.638 2 AMSYS_AIRSPEED 3356 6.232242 3.217406 3.062053 22.979706
27.659 2 GPS_INT 0 0 0 0 0 0 0 0 0 0 0 0 0 0 0 0
27.733 2 AMSYS_AIRSPEED 3344 5.285573 2.962987 3.052345 22.954525
27.753 2 INS -267 -468 -286 -565392 -991040 -7644 -579 -1027 11
27.772 2 TIMESTAMP 30500
27.809 2 ROTORCRAFT_FP -468 -267 287 -991040 -565392 8157 4747 909 1502 0 0 0 0 0 0
27.815 2 ROTORCRAFT_STATUS 0 0 2 0 0 1 0 0 0 0 87 30
27.820 2 WP_MOVED_ENU 4 -204 -204 -2688
27.833 2 AMSYS_AIRSPEED 3344 5.285573 2.962987 3.043587 22.979706
27.907 2 GPS_INT 0 0 0 0 0 0 0 0 0 0 0 0 0 0 0 0
27.913 2 BMP_STATUS 334426 32030 102643 327
27.929 2 DOWNLINK_STATUS 28 30547 899 1 1114. 33. 11.33
27.932 2 AMSYS_AIRSPEED 3356 6.232242 3.217406 3.060622 22.979706
28.003 2 INS -267 -468 -261 -565392 -991040 31557 -579 -1027 -30
28.032 2 AMSYS_AIRSPEED 3350 5.758907 3.092814 3.063776 22.954525
28.057 2 ROTORCRAFT_FP -468 -267 261 -991040 -565392 -31174 4748 910 1503 0 0 0 0 0 0
28.133 2 AMSYS_AIRSPEED 3350 5.758907 3.092814 3.066622 22.954525
28.157 2 GPS_INT 0 0 0 0 0 0 0 0 0 0 0 0 0 0 0 0
28.180 2 BMP_STATUS 334407 32026 102625 327
28.232 2 AMSYS_AIRSPEED 3350 5.758907 3.092814 3.069189 22.979706
28.251 2 INS -267 -468 -301 -565392 -991040 -41313 -579 -1027 -62
28.272 2 TIMESTAMP 31000
28.306 2 ROTORCRAFT_FP -468 -267 302 -991040 -565392 42009 4748 910 1503 0 0 0 0 0 0
28.331 2 AMSYS_AIRSPEED 3344 5.285573 2.962987 3.058781 22.954525
28.405 2 GPS_INT 0 0 0 0 0 0 0 0 0 0 0 0 0 0 0 0
28.408 2 ROTORCRAFT_NAV_STATUS 9 9 2 0 0
28.429 2 AMSYS_AIRSPEED 3344 5.285573 2.962987 3.049393 22.929348
28.452 2 BMP_STATUS 334410 32033 102641 327
28.501 2 INS -267 -468 -280 -565392 -991040 -1302 -579 -1027 -9
28.504 2 DL_VALUE 28 100.
28.530 2 AMSYS_AIRSPEED 3350 5.758907 3.092814 3.053648 22.979706
28.555 2 ROTORCRAFT_FP -468 -267 280 -991040 -565392 2150 4747 910 1503 0 0 0 0 0 0
28.629 2 AMSYS_AIRSPEED 3344 5.285573 2.962987 3.044764 22.979706
28.654 2 GPS_INT 0 0 0 0 0 0 0 0 0 0 0 0 0 0 0 0
28.725 2 BMP_STATUS 334413 32030 102636 327
28.731 2 AMSYS_AIRSPEED 3339 4.891127 2.850284 3.025705 23.004883
28.749 2 INS -267 -468 -280 -565392 -991040 -2316 -579 -1027 -1
28.771 2 TIMESTAMP 31500
28.804 2 ROTORCRAFT_FP -468 -267 280 -991040 -565392 2691 4747 910 1504 0 0 0 0 0 0
28.828 2 AMSYS_AIRSPEED 3344 5.285573 2.962987 3.019558 22.954525
28.903 2 GPS_INT 0 0 0 0 0 0 0 0 0 0 0 0 0 0 0 0
28.928 2 AMSYS_AIRSPEED 3333 4.417792 2.708859 2.98911 22.954525
28.929 2 DOWNLINK_STATUS 29 31593 929 1 1046. 30. 11.33
28.998 2 INS -267 -468 -280 -565392 -991040 -5013 -579 -1027 -9
29.004 2 ROTORCRAFT_STATUS 0 0 2 0 0 1 0 0 0 0 88 31
29.009 2 BMP_STATUS 334398 32030 102630 327
29.028 2 AMSYS_AIRSPEED 3339 4.891127 2.850284 2.975505 22.954525
29.053 2 ROTORCRAFT_FP -468 -267 299 -991040 -565392 36030 4748 910 1506 0 0 0 0 0 0
29.092 2 WP_MOVED_ENU 5 -204 -204 -2688
29.128 2 AMSYS_AIRSPEED 3344 5.285573 2.962987 2.974278 22.954525
29.153 2 GPS_INT 0 0 0 0 0 0 0 0 0 0 0 0 0 0 0 0
29.227 2 AMSYS_AIRSPEED 3350 5.758907 3.092814 2.985895 22.954525
29.246 2 INS -267 -468 -302 -565392 -991040 -38146 -579 -1027 -50
29.272 2 BMP_STATUS 334393 32028 102624 327
29.275 2 TIMESTAMP 32000
29.302 2 ROTORCRAFT_FP -468 -267 331 -991040 -565392 85854 4748 911 1506 0 0 0 0 0 0
29.326 2 AMSYS_AIRSPEED 3356 6.232242 3.217406 3.008583 22.954525
29.401 2 GPS_INT 0 0 0 0 0 0 0 0 0 0 0 0 0 0 0 0
29.425 2 AMSYS_AIRSPEED 3350 5.758907 3.092814 3.016838 22.954525
29.496 2 INS -267 -468 -340 -565392 -991040 -88569 -579 -1027 -40
29.525 2 AMSYS_AIRSPEED 3350 5.758907 3.092814 3.024283 22.954525
29.551 2 ROTORCRAFT_FP -468 -267 342 -991040 -565392 89013 4748 911 1506 0 0 0 0 0 0
29.557 2 BMP_STATUS 334403 32030 102632 327
29.587 2 DL_VALUE 29 300.
29.593 2 ALIVE 73,193,131,76,36,63,151,237,85,221,59,127,170,27,147,33
29.625 2 AMSYS_AIRSPEED 3350 5.758907 3.092814 3.030999 22.954525
29.651 2 GPS_INT 0 0 0 0 0 0 0 0 0 0 0 0 0 0 0 0
29.724 2 AMSYS_AIRSPEED 3350 5.758907 3.092814 3.037057 22.954525
29.744 2 INS -267 -468 -338 -565392 -991040 -72617 -579 -1027 -24
29.770 2 TIMESTAMP 32500
29.800 2 ROTORCRAFT_FP -468 -267 339 -991040 -565392 73117 4748 912 1507 0 0 0 0 0 0
29.818 2 BMP_STATUS 334416 32027 102629 327
29.824 2 AMSYS_AIRSPEED 3344 5.285573 2.962987 3.029799 22.954525
29.900 2 GPS_INT 0 0 0 0 0 0 0 0 0 0 0 0 0 0 0 0
29.924 2 AMSYS_AIRSPEED 3344 5.285573 2.962987 3.023251 22.954525
29.930 2 DOWNLINK_STATUS 30 32689 961 1 1096. 32. 11.33
29.993 2 INS -267 -468 -345 -565392 -991040 -73508 -579 -1027 -30
29.997 2 ROTORCRAFT_NAV_STATUS 11 11 2 0 0
30.023 2 AMSYS_AIRSPEED 3344 5.285573 2.962987 3.017345 22.979706
30.049 2 ROTORCRAFT_FP -468 -267 347 -991040 -565392 74137 4748 913 1505 0 0 0 0 0 0
30.092 2 BMP_STATUS 334416 32030 102639 327
30.123 2 AMSYS_AIRSPEED 3339 4.891127 2.850284 3.000973 22.979706
30.149 2 GPS_INT 0 0 0 0 0 0 0 0 0 0 0 0 0 0 0 0
30.187 2 ROTORCRAFT_STATUS 0 0 2 0 0 1 0 0 0 0 88 32
30.222 2 AMSYS_AIRSPEED 3367 7.100023 3.434105 3.04342 22.954525
30.242 2 INS -267 -468 -315 -565392 -991040 -16958 -579 -1027 -8
30.270 2 TIMESTAMP 33000
30.286 2 IMU_MAG_RAW -494 -391 -185
30.303 2 ROTORCRAFT_FP -468 -267 315 -991040 -565392 17333 4748 914 1507 0 0 0 0 0 0
30.322 2 AMSYS_AIRSPEED 3344 5.285573 2.962987 3.035537 22.954525
30.366 2 BMP_STATUS 334417 32028 102633 327
30.398 2 GPS_INT 0 0 0 0 0 0 0 0 0 0 0 0 0 0 0 0
30.402 2 WP_MOVED_ENU 6 -230 -230 -2688
30.421 2 AMSYS_AIRSPEED 3344 5.285573 2.962987 3.028427 22.954525
30.425 2 PONG 
30.491 2 INS -267 -468 -312 -565392 -991040 -11862 -579 -1027 -27
30.521 2 AMSYS_AIRSPEED 3339 4.891127 2.850284 3.010969 22.979706
30.547 2 ROTORCRAFT_FP -468 -267 312 -991040 -565392 12622 4747 915 1505 0 0 0 0 0 0
30.622 2 AMSYS_AIRSPEED 3344 5.285573 2.962987 3.006267 22.954525
30.648 2 GPS_INT 0 0 0 0 0 0 0 0 0 0 0 0 0 0 0 0
30.651 2 BMP_STATUS 334414 32030 102636 327
30.682 2 DL_VALUE 30 800.
30.720 2 AMSYS_AIRSPEED 3344 5.285573 2.962987 3.002026 22.979706
30.740 2 INS -267 -468 -300 -565392 -991040 7107 -579 -1027 1
30.770 2 TIMESTAMP 33500
30.796 2 ROTORCRAFT_FP -468 -267 300 -991040 -565392 -6742 4746 914 1504 0 0 0 0 0 0
30.820 2 AMSYS_AIRSPEED 3350 5.758907 3.092814 3.010923 22.954525
30.896 2 GPS_INT 0 0 0 0 0 0 0 0 0 0 0 0 0 0 0 0
30.913 2 BMP_STATUS 334403 32032 102635 327
30.920 2 AMSYS_AIRSPEED 3350 5.758907 3.092814 3.018948 22.954525
30.930 2 DOWNLINK_STATUS 31 33799 995 1 1110. 34. 4.92
30.990 2 INS -267 -468 -295 -565392 -991040 12467 -579 -1027 -18
31.019 2 AMSYS_AIRSPEED 3350 5.758907 3.092814 3.026187 22.954525
31.045 2 ROTORCRAFT_FP -468 -267 294 -991040 -565392 -11910 4746 914 1504 0 0 0 0 0 0
31.119 2 AMSYS_AIRSPEED 3356 6.232242 3.217406 3.044927 22.979706
31.145 2 GPS_INT 0 0 0 0 0 0 0 0 0 0 0 0 0 0 0 0
31.185 2 BMP_STATUS 334406 32031 102633 327
31.218 2 AMSYS_AIRSPEED 3350 5.758907 3.092814 3.04962 22.979706
31.238 2 INS -267 -468 -297 -565392 -991040 3734 -579 -1027 -52
31.270 2 TIMESTAMP 34000
31.294 2 ROTORCRAFT_FP -468 -267 297 -991040 -565392 -3207 4746 914 1504 0 0 0 0 0 0
31.318 2 AMSYS_AIRSPEED 3344 5.285573 2.962987 3.04113 22.954525
31.394 2 GPS_INT 0 0 0 0 0 0 0 0 0 0 0 0 0 0 0 0
31.400 2 ROTORCRAFT_STATUS 0 0 2 0 0 1 0 0 0 0 88 33
31.418 2 AMSYS_AIRSPEED 3344 5.285573 2.962987 3.033472 22.954525
31.460 2 BMP_STATUS 334410 32032 102640 327
31.487 2 INS -267 -468 -277 -565392 -991040 33640 -579 -1027 -43
31.518 2 AMSYS_AIRSPEED 3350 5.758907 3.092814 3.039287 22.979706
31.544 2 ROTORCRAFT_FP -468 -267 277 -991040 -565392 -33273 4747 914 1506 0 0 0 0 0 0
31.580 2 ROTORCRAFT_NAV_STATUS 13 13 2 0 0
31.617 2 AMSYS_AIRSPEED 3344 5.285573 2.962987 3.03181 22.954525
31.642 2 GPS_INT 0 0 0 0 0 0 0 0 0 0 0 0 0 0 0 0
31.681 2 WP_MOVED_ENU 7 0 256 -2304
31.687 2 ALIVE 73,193,131,76,36,63,151,237,85,221,59,127,170,27,147,33
31.717 2 AMSYS_AIRSPEED 3350 5.758907 3.092814 3.037788 22.979706
31.737 2 INS -267 -468 -273 -565392 -991040 31129 -579 -1027 13
31.742 2 BMP_STATUS 334407 32032 102639 327
31.770 2 TIMESTAMP 34500
31.792 2 ROTORCRAFT_FP -468 -267 265 -991040 -565392 -42660 4748 913 1506 0 0 0 0 0 0
31.795 2 DL_VALUE 31 600.
31.816 2 AMSYS_AIRSPEED 3344 5.285573 2.962987 3.030458 22.979706
31.892 2 GPS_INT 0 0 0 0 0 0 0 0 0 0 0 0 0 0 0 0
31.916 2 AMSYS_AIRSPEED 3350 5.758907 3.092814 3.036569 22.954525
31.931 2 DOWNLINK_STATUS 32 34886 1027 1 1087. 32. 4.92
31.986 2 INS -267 -468 -261 -565392 -991040 41429 -579 -1027 2
32.006 2 BMP_STATUS 334402 32029 102631 327
32.015 2 AMSYS_AIRSPEED 3350 5.758907 3.092814 3.042081 22.954525
32.042 2 ROTORCRAFT_FP -468 -267 282 -991040 -565392 -4248 4747 912 1506 0 0 0 0 0 0
32.115 2 AMSYS_AIRSPEED 3327 3.944457 2.559631 2.994801 22.954525
32.140 2 GPS_INT 0 0 0 0 0 0 0 0 0 0 0 0 0 0 0 0
32.216 2 AMSYS_AIRSPEED 3344 5.285573 2.962987 2.991683 22.954525
32.234 2 INS -267 -468 -282 -565392 -991040 2538 -579 -1027 -21
32.270 2 TIMESTAMP 35000
32.279 2 BMP_STATUS 334400 32028 102627 327
32.297 2 ROTORCRAFT_FP -468 -267 282 -991040 -565392 -2124 4749 911 1507 0 0 0 0 0 0
32.314 2 AMSYS_AIRSPEED 3356 6.232242 3.217406 3.013804 22.929348
32.389 2 GPS_INT 0 0 0 0 0 0 0 0 0 0 0 0 0 0 0 0
32.414 2 AMSYS_AIRSPEED 3356 6.232242 3.217406 3.033757 22.954525
32.484 2 INS -267 -468 -312 -565392 -991040 -44634 -579 -1027 -18
32.514 2 AMSYS_AIRSPEED 3350 5.758907 3.092814 3.039544 22.929348
32.540 2 ROTORCRAFT_FP -468 -267 313 -991040 -565392 45010 4749 911 1507 0 0 0 0 0 0
32.553 2 BMP_STATUS 334414 32029 102636 327
32.578 2 ROTORCRAFT_STATUS 0 0 2 0 0 1 0 0 0 0 88 35
32.613 2 AMSYS_AIRSPEED 3350 5.758907 3.092814 3.044765 22.954525
32.638 2 GPS_INT 0 0 0 0 0 0 0 0 0 0 0 0 0 0 0 0
32.716 2 AMSYS_AIRSPEED 3350 5.758907 3.092814 3.049474 22.954525
32.733 2 INS -267 -468 -303 -565392 -991040 -25031 -579 -1027 -19
32.771 2 TIMESTAMP 35500
32.789 2 ROTORCRAFT_FP -468 -267 304 -991040 -565392 25432 4749 910 1507 0 0 0 0 0 0
32.813 2 AMSYS_AIRSPEED 3344 5.285573 2.962987 3.040998 22.954525
32.826 2 BMP_STATUS 334415 32028 102632 327
32.887 2 GPS_INT 0 0 0 0 0 0 0 0 0 0 0 0 0 0 0 0
32.890 2 DL_VALUE 32 10.
32.912 2 AMSYS_AIRSPEED 3333 4.417792 2.708859 3.008448 22.929348
32.932 2 DOWNLINK_STATUS 33 35940 1057 1 1054. 30. 4.92
32.982 2 INS -267 -468 -309 -565392 -991040 -32413 -579 -1027 -45
32.987 2 WP_MOVED_ENU 8 256 0 -1536
33.012 2 AMSYS_AIRSPEED 3350 5.758907 3.092814 3.016716 22.954525
