3.183 2 TIMESTAMP 1819000
3.207 2 ROTORCRAFT_FP -448 -308 -185 -946640 -650176 9740 4932 900 1370 0 0 0 0 0 0
3.305 2 GPS_INT 0 0 0 0 0 0 0 0 0 0 0 0 0 0 0 0
3.372 2 BMP_STATUS 334489 32072 102734 329
3.400 2 INS -308 -448 191 -650176 -946640 4003 -662 -952 4
3.456 2 ROTORCRAFT_FP -448 -308 -192 -946640 -650176 -4367 4932 901 1372 0 0 0 0 0 0
3.463 2 I2C_ERRORS 61464 58783 61464 58783 61464 58783 61464 58783 -442503144 0
3.491 2 ROTORCRAFT_NAV_STATUS 1798 1798 2 0 0
3.554 2 GPS_INT 0 0 0 0 0 0 0 0 0 0 0 0 0 0 0 0
3.591 2 DL_VALUE 4 100.
3.649 2 INS -308 -448 192 -650176 -946640 5065 -662 -952 6
3.655 2 BMP_STATUS 334477 32071 102730 329
3.683 2 TIMESTAMP 1819500
3.705 2 ROTORCRAFT_FP -448 -308 -184 -946640 -650176 7197 4931 900 1373 0 0 0 0 0 0
3.803 2 GPS_INT 0 0 0 0 0 0 0 0 0 0 0 0 0 0 0 0
3.898 2 INS -308 -448 184 -650176 -946640 -6556 -662 -952 16
3.918 2 BMP_STATUS 334491 32077 102743 329
3.955 2 ROTORCRAFT_FP -448 -308 -219 -946640 -650176 -51735 4932 899 1374 0 0 0 0 0 0
3.966 2 DOWNLINK_STATUS 4 3411 89 0 850. 22. 0.
4.054 2 GPS_INT 0 0 0 0 0 0 0 0 0 0 0 0 0 0 0 0
4.092 2 ROTORCRAFT_STATUS 0 0 2 0 0 1 0 0 0 0 88 1819
4.147 2 INS -308 -448 224 -650176 -946640 52219 -662 -952 -85
4.183 2 TIMESTAMP 1820000
4.191 2 IMU_MAG_RAW -538 -359 -187
4.197 2 BMP_STATUS 334480 32074 102734 329
4.213 2 ROTORCRAFT_FP -448 -308 -225 -946640 -650176 -52506 4932 900 1376 0 0 0 0 0 0
4.301 2 GPS_INT 0 0 0 0 0 0 0 0 0 0 0 0 0 0 0 0
4.306 2 WP_MOVED_ENU 6 -230 -230 -2688
4.397 2 INS -308 -448 222 -650176 -946640 40376 -662 -952 -24
4.452 2 ROTORCRAFT_FP -448 -308 -223 -946640 -650176 -40155 4933 901 1378 0 0 0 0 0 0
4.466 2 BMP_STATUS 334488 32072 102734 329
4.552 2 GPS_INT 0 0 0 0 0 0 0 0 0 0 0 0 0 0 0 0
4.645 2 INS -308 -448 219 -650176 -946640 29671 -662 -952 12
4.683 2 TIMESTAMP 1820500
4.701 2 ROTORCRAFT_FP -448 -308 -219 -946640 -650176 -29900 4933 901 1379 0 0 0 0 0 0
4.704 2 DL_VALUE 5 200.
4.739 2 BMP_STATUS 334499 32071 102738 329
4.799 2 GPS_INT 0 0 0 0 0 0 0 0 0 0 0 0 0 0 0 0
4.894 2 INS -308 -448 230 -650176 -946640 42030 -662 -952 17
4.950 2 ROTORCRAFT_FP -448 -308 -231 -946640 -650176 -42296 4932 900 1381 0 0 0 0 0 0
4.966 2 DOWNLINK_STATUS 5 4240 110 0 829. 21. 0.
4.989 2 ALIVE 73,193,131,76,36,63,151,237,85,221,59,127,170,27,147,33
5.012 2 BMP_STATUS 334484 32071 102732 329
5.049 2 GPS_INT 0 0 0 0 0 0 0 0 0 0 0 0 0 0 0 0
5.086 2 ROTORCRAFT_NAV_STATUS 1799 1799 2 0 0
5.144 2 INS -308 -448 217 -650176 -946640 16618 -662 -952 -41
5.190 2 TIMESTAMP 1821000
5.199 2 ROTORCRAFT_FP -448 -308 -218 -946640 -650176 -16785 4932 900 1382 0 0 0 0 0 0
5.285 2 BMP_STATUS 334477 32071 102730 329
5.301 2 GPS_INT 0 0 0 0 0 0 0 0 0 0 0 0 0 0 0 0
5.307 2 ROTORCRAFT_STATUS 0 0 2 0 0 1 0 0 0 0 88 1820
5.393 2 INS -308 -448 201 -650176 -946640 -10956 -662 -952 1
5.449 2 ROTORCRAFT_FP -448 -308 -201 -946640 -650176 10772 4932 900 1382 0 0 0 0 0 0
5.469 2 PONG 
5.546 2 GPS_INT 0 0 0 0 0 0 0 0 0 0 0 0 0 0 0 0
5.558 2 BMP_STATUS 334496 32075 102744 329
5.585 2 WP_MOVED_ENU 7 0 256 -2304
5.641 2 INS -308 -448 233 -650176 -946640 43382 -662 -952 -52
5.685 2 TIMESTAMP 1821500
5.700 2 ROTORCRAFT_FP -448 -308 -234 -946640 -650176 -43526 4931 900 1383 0 0 0 0 0 0
5.796 2 GPS_INT 0 0 0 0 0 0 0 0 0 0 0 0 0 0 0 0
5.799 2 DL_VALUE 6 10.
5.833 2 BMP_STATUS 334474 32075 102735 329
5.890 2 INS -308 -448 229 -650176 -946640 28909 -662 -952 28
5.946 2 ROTORCRAFT_FP -448 -308 -230 -946640 -650176 -29218 4931 900 1381 0 0 0 0 0 0
5.966 2 DOWNLINK_STATUS 6 5115 134 0 875. 24. 5.81
6.045 2 GPS_INT 0 0 0 0 0 0 0 0 0 0 0 0 0 0 0 0
6.106 2 BMP_STATUS 334471 32073 102731 329
6.140 2 INS -308 -448 213 -650176 -946640 -1385 -662 -952 0
6.196 2 ROTORCRAFT_FP -448 -308 -213 -946640 -650176 1188 4930 900 1381 0 0 0 0 0 0
6.197 2 TIMESTAMP 1822000
6.295 2 GPS_INT 0 0 0 0 0 0 0 0 0 0 0 0 0 0 0 0
6.380 2 BMP_STATUS 334469 32070 102726 329
6.391 2 INS -308 -448 186 -650176 -946640 -46254 -662 -952 14
6.445 2 ROTORCRAFT_FP -448 -308 -185 -946640 -650176 45891 4929 900 1380 0 0 0 0 0 0
6.484 2 ROTORCRAFT_STATUS 0 0 2 0 0 1 0 0 0 0 88 1822
6.543 2 GPS_INT 0 0 0 0 0 0 0 0 0 0 0 0 0 0 0 0
6.638 2 INS -308 -448 180 -650176 -946640 -45343 -662 -952 16
6.653 2 BMP_STATUS 334472 32071 102728 329
6.693 2 ROTORCRAFT_FP -448 -308 -170 -946640 -650176 60048 4929 901 1379 0 0 0 0 0 0
6.696 2 ROTORCRAFT_NAV_STATUS 1801 1801 2 0 0
6.699 2 TIMESTAMP 1822500
6.793 2 GPS_INT 0 0 0 0 0 0 0 0 0 0 0 0 0 0 0 0
6.886 2 INS -308 -448 164 -650176 -946640 -59314 -662 -952 41
6.889 2 DL_VALUE 7 0.
6.894 2 WP_MOVED_ENU 8 256 0 -1536
6.926 2 BMP_STATUS 334474 32076 102735 329
6.943 2 ROTORCRAFT_FP -448 -308 -181 -946640 -650176 28963 4929 901 1378 0 0 0 0 0 0
6.967 2 DOWNLINK_STATUS 7 5961 156 0 846. 22. 5.81
7.041 2 GPS_INT 0 0 0 0 0 0 0 0 0 0 0 0 0 0 0 0
7.081 2 ALIVE 73,193,131,76,36,63,151,237,85,221,59,127,170,27,147,33
7.136 2 INS -308 -448 178 -650176 -946640 -27572 -662 -952 14
7.178 2 IMU_MAG_RAW -543 -360 -191
7.196 2 ROTORCRAFT_FP -448 -308 -178 -946640 -650176 27312 4929 901 1378 0 0 0 0 0 0
7.199 2 TIMESTAMP 1823000
7.205 2 BMP_STATUS 334473 32072 102728 329
7.290 2 GPS_INT 0 0 0 0 0 0 0 0 0 0 0 0 0 0 0 0
7.384 2 INS -308 -448 166 -650176 -946640 -40244 -662 -952 0
7.440 2 ROTORCRAFT_FP -448 -308 -165 -946640 -650176 39917 4929 902 1377 0 0 0 0 0 0
7.473 2 BMP_STATUS 334467 32068 102721 329
7.513 2 I2C_ERRORS 61464 58783 61464 58783 61464 58783 61464 58783 -442503144 1
7.539 2 GPS_INT 0 0 0 0 0 0 0 0 0 0 0 0 0 0 0 0
7.634 2 INS -308 -448 134 -650176 -946640 -80399 -662 -952 19
7.690 2 ROTORCRAFT_FP -448 -308 -132 -946640 -650176 80187 4928 901 1375 0 0 0 0 0 0
7.695 2 ROTORCRAFT_STATUS 0 0 2 0 0 1 0 0 0 0 88 1823
7.698 2 TIMESTAMP 1823500
7.746 2 BMP_STATUS 334479 32070 102730 329
7.788 2 GPS_INT 0 0 0 0 0 0 0 0 0 0 0 0 0 0 0 0
7.882 2 INS -308 -448 141 -650176 -946640 -54129 -662 -952 -25
7.938 2 ROTORCRAFT_FP -448 -308 -140 -946640 -650176 53763 4928 902 1374 0 0 0 0 0 0
7.969 2 DOWNLINK_STATUS 8 6810 177 0 849. 21. 5.81
7.975 2 DL_VALUE 8 0.
8.022 2 BMP_STATUS 334473 32070 102728 329
8.038 2 GPS_INT 0 0 0 0 0 0 0 0 0 0 0 0 0 0 0 0
8.132 2 INS -308 -448 142 -650176 -946640 -41890 -662 -952 18
8.186 2 ROTORCRAFT_FP -448 -308 -141 -946640 -650176 41843 4928 902 1375 0 0 0 0 0 0
8.191 2 WP_MOVED_ENU 9 256 256 -768
8.194 2 TIMESTAMP 1824000
8.287 2 GPS_INT 0 0 0 0 0 0 0 0 0 0 0 0 0 0 0 0
8.289 2 ROTORCRAFT_NAV_STATUS 1802 1802 2 0 0
8.295 2 BMP_STATUS 334488 32071 102734 329
8.381 2 INS -308 -448 162 -650176 -946640 -1150 -662 -952 9
8.435 2 ROTORCRAFT_FP -448 -308 -162 -946640 -650176 1154 4929 903 1374 0 0 0 0 0 0
8.535 2 GPS_INT 0 0 0 0 0 0 0 0 0 0 0 0 0 0 0 0
8.567 2 BMP_STATUS 334479 32072 102730 329
8.630 2 INS -308 -448 166 -650176 -946640 4879 -662 -952 42
8.696 2 ROTORCRAFT_FP -448 -308 -166 -946640 -650176 -4834 4928 903 1372 0 0 0 0 0 0
8.696 2 TIMESTAMP 1824500
8.784 2 GPS_INT 0 0 0 0 0 0 0 0 0 0 0 0 0 0 0 0
8.839 2 BMP_STATUS 334492 32070 102735 329
8.878 2 INS -308 -448 184 -650176 -946640 34121 -662 -952 -19
8.886 2 ROTORCRAFT_STATUS 0 0 2 0 0 1 0 0 0 0 88 1824
8.934 2 ROTORCRAFT_FP -448 -308 -185 -946640 -650176 -34612 4927 903 1374 0 0 0 0 0 0
8.969 2 DOWNLINK_STATUS 9 7656 199 0 846. 22. 5.81
9.036 2 GPS_INT 0 0 0 0 0 0 0 0 0 0 0 0 0 0 0 0
9.069 2 DL_VALUE 9 0.
9.114 2 BMP_STATUS 334493 32066 102724 329
9.128 2 INS -308 -448 164 -650176 -946640 -4181 -662 -952 3
9.190 2 ROTORCRAFT_FP -448 -308 -164 -946640 -650176 3824 4927 902 1373 0 0 0 0 0 0
9.190 2 ALIVE 73,193,131,76,36,63,151,237,85,221,59,127,170,27,147,33
9.191 2 TIMESTAMP 1825000
9.283 2 GPS_INT 0 0 0 0 0 0 0 0 0 0 0 0 0 0 0 0
9.378 2 INS -308 -448 164 -650176 -946640 -3009 -662 -952 11
9.387 2 BMP_STATUS 334472 32070 102727 329
9.433 2 ROTORCRAFT_FP -448 -308 -157 -946640 -650176 12705 4926 902 1374 0 0 0 0 0 0
9.471 2 WP_MOVED_ENU 0 10752 10752 -3072
9.532 2 GPS_INT 0 0 0 0 0 0 0 0 0 0 0 0 0 0 0 0
9.626 2 INS -308 -448 156 -650176 -946640 -12578 -662 -952 -48
9.661 2 BMP_STATUS 334482 32072 102732 329
9.681 2 ROTORCRAFT_FP -448 -308 -168 -946640 -650176 -7135 4926 902 1373 0 0 0 0 0 0
9.687 2 TIMESTAMP 1825500
9.780 2 GPS_INT 0 0 0 0 0 0 0 0 0 0 0 0 0 0 0 0
9.874 2 INS -308 -448 169 -650176 -946640 7414 -662 -952 3
9.878 2 ROTORCRAFT_NAV_STATUS 1804 1804 2 0 0
9.930 2 ROTORCRAFT_FP -448 -308 -169 -946640 -650176 -7756 4926 902 1371 0 0 0 0 0 0
9.935 2 BMP_STATUS 334491 32067 102730 329
9.969 2 DOWNLINK_STATUS 10 8502 221 0 846. 22. 5.81
10.030 2 GPS_INT 0 0 0 0 0 0 0 0 0 0 0 0 0 0 0 0
10.070 2 ROTORCRAFT_STATUS 0 0 2 0 0 1 0 0 0 0 88 1825
10.123 2 INS -308 -448 171 -650176 -946640 9836 -662 -952 -15
10.167 2 IMU_MAG_RAW -541 -357 -191
10.192 2 ROTORCRAFT_FP -448 -308 -171 -946640 -650176 -10260 4924 902 1371 0 0 0 0 0 0
10.193 2 DL_VALUE 10 1.
10.193 2 TIMESTAMP 1826000
10.208 2 BMP_STATUS 334485 32073 102737 329
10.279 2 GPS_INT 0 0 0 0 0 0 0 0 0 0 0 0 0 0 0 0
10.372 2 INS -308 -448 196 -650176 -946640 46929 -662 -952 -15
10.427 2 ROTORCRAFT_FP -448 -308 -197 -946640 -650176 -47034 4924 902 1371 0 0 0 0 0 0
10.469 2 PONG 
10.480 2 BMP_STATUS 334479 32073 102734 329
10.528 2 GPS_INT 0 0 0 0 0 0 0 0 0 0 0 0 0 0 0 0
10.621 2 INS -308 -448 204 -650176 -946640 51206 -662 -952 -7
10.677 2 ROTORCRAFT_FP -448 -308 -205 -946640 -650176 -51477 4923 902 1371 0 0 0 0 0 0
10.695 2 TIMESTAMP 1826500
10.755 2 BMP_STATUS 334492 32073 102739 329
10.777 2 GPS_INT 0 0 0 0 0 0 0 0 0 0 0 0 0 0 0 0
10.782 2 WP_MOVED_ENU 1 -51 -153 -2688
10.870 2 INS -308 -448 225 -650176 -946640 75768 -662 -952 8
10.926 2 ROTORCRAFT_FP -448 -308 -227 -946640 -650176 -76170 4924 902 1370 0 0 0 0 0 0
10.970 2 DOWNLINK_STATUS 11 9337 243 0 835. 22. 5.41
11.026 2 GPS_INT 0 0 0 0 0 0 0 0 0 0 0 0 0 0 0 0
11.031 2 BMP_STATUS 334484 32067 102728 329
11.119 2 INS -308 -448 205 -650176 -946640 30541 -662 -952 -26
11.176 2 ROTORCRAFT_FP -448 -308 -206 -946640 -650176 -30885 4923 902 1370 0 0 0 0 0 0
11.183 2 TIMESTAMP 1827000
11.275 2 GPS_INT 0 0 0 0 0 0 0 0 0 0 0 0 0 0 0 0
11.277 2 DL_VALUE 11 100.
11.283 2 ROTORCRAFT_STATUS 0 0 2 0 0 1 0 0 0 0 88 1826
11.290 2 ALIVE 73,193,131,76,36,63,151,237,85,221,59,127,170,27,147,33
11.301 2 BMP_STATUS 334483 32068 102727 329
11.368 2 INS -308 -448 186 -650176 -946640 -5208 -662 -952 11
11.423 2 ROTORCRAFT_FP -448 -308 -186 -946640 -650176 4904 4922 901 1369 0 0 0 0 0 0
11.461 2 ROTORCRAFT_NAV_STATUS 1806 1806 2 0 0
11.524 2 GPS_INT 0 0 0 0 0 0 0 0 0 0 0 0 0 0 0 0
11.574 2 BMP_STATUS 334503 32068 102735 329
11.617 2 INS -308 -448 195 -650176 -946640 12388 -662 -952 65
11.673 2 ROTORCRAFT_FP -448 -308 -196 -946640 -650176 -12718 4923 901 1370 0 0 0 0 0 0
11.682 2 TIMESTAMP 1827500
11.773 2 GPS_INT 0 0 0 0 0 0 0 0 0 0 0 0 0 0 0 0
11.848 2 BMP_STATUS 334494 32074 102739 329
11.866 2 INS -308 -448 215 -650176 -946640 44009 -662 -952 -10
11.921 2 ROTORCRAFT_FP -448 -308 -216 -946640 -650176 -44170 4924 900 1370 0 0 0 0 0 0
11.971 2 DOWNLINK_STATUS 12 10187 265 0 850. 22. 5.41
12.022 2 GPS_INT 0 0 0 0 0 0 0 0 0 0 0 0 0 0 0 0
12.059 2 WP_MOVED_ENU 2 0 0 -2688
12.116 2 INS -308 -448 220 -650176 -946640 44638 -662 -952 -13
12.121 2 BMP_STATUS 334480 32072 102731 329
12.171 2 ROTORCRAFT_FP -448 -308 -206 -946640 -650176 -20427 4924 900 1368 0 0 0 0 0 0
12.182 2 TIMESTAMP 1828000
12.271 2 GPS_INT 0 0 0 0 0 0 0 0 0 0 0 0 0 0 0 0
12.364 2 INS -308 -448 208 -650176 -946640 21075 -662 -952 10
12.367 2 DL_VALUE 12 100.
12.395 2 BMP_STATUS 334501 32072 102739 329
12.421 2 ROTORCRAFT_FP -448 -308 -222 -946640 -650176 -43623 4924 901 1368 0 0 0 0 0 0
12.458 2 ROTORCRAFT_STATUS 0 0 2 0 0 1 0 0 0 0 88 1828
12.518 2 GPS_INT 0 0 0 0 0 0 0 0 0 0 0 0 0 0 0 0
12.613 2 INS -308 -448 227 -650176 -946640 43444 -662 -952 0
12.669 2 ROTORCRAFT_FP -448 -308 -228 -946640 -650176 -43655 4924 901 1367 0 0 0 0 0 0
12.676 2 BMP_STATUS 334495 32068 102732 329
12.682 2 TIMESTAMP 1828500
12.768 2 GPS_INT 0 0 0 0 0 0 0 0 0 0 0 0 0 0 0 0
12.862 2 INS -308 -448 215 -650176 -946640 20018 -662 -952 35
12.918 2 ROTORCRAFT_FP -448 -308 -216 -946640 -650176 -19939 4924 900 1367 0 0 0 0 0 0
12.942 2 BMP_STATUS 334477 32070 102729 329
12.971 2 DOWNLINK_STATUS 13 11020 286 0 833. 21. 5.41
13.017 2 GPS_INT 0 0 0 0 0 0 0 0 0 0 0 0 0 0 0 0
13.055 2 ROTORCRAFT_NAV_STATUS 1807 1807 2 0 0
13.111 2 INS -308 -448 196 -650176 -946640 -11574 -662 -952 14
13.155 2 IMU_MAG_RAW -544 -359 -192
13.172 2 ROTORCRAFT_FP -448 -308 -196 -946640 -650176 11238 4924 900 1366 0 0 0 0 0 0
13.181 2 TIMESTAMP 1829000
13.215 2 BMP_STATUS 334485 32074 102736 329
13.266 2 GPS_INT 0 0 0 0 0 0 0 0 0 0 0 0 0 0 0 0
13.272 2 UART_ERRORS 0 0 0 1
13.361 2 INS -308 -448 205 -650176 -946640 5358 -662 -952 -7
13.365 2 WP_MOVED_ENU 3 -1459 -1177 -2688
13.372 2 ALIVE 73,193,131,76,36,63,151,237,85,221,59,127,170,27,147,33
13.417 2 ROTORCRAFT_FP -448 -308 -205 -946640 -650176 -5803 4923 900 1367 0 0 0 0 0 0
13.452 2 DL_VALUE 13 0.
13.488 2 BMP_STATUS 334460 32072 102723 329
13.515 2 GPS_INT 0 0 0 0 0 0 0 0 0 0 0 0 0 0 0 0
13.573 2 WIND_INFO 2 42 0. 0. 0.
13.609 2 INS -308 -448 170 -650176 -946640 -49559 -662 -952 -28
13.665 2 ROTORCRAFT_FP -448 -308 -168 -946640 -650176 49536 4922 901 1367 0 0 0 0 0 0
13.671 2 ROTORCRAFT_STATUS 0 0 2 0 0 1 0 0 0 0 88 1829
13.681 2 TIMESTAMP 1829500
13.764 2 GPS_INT 0 0 0 0 0 0 0 0 0 0 0 0 0 0 0 0
13.770 2 BMP_STATUS 334472 32071 102728 329
13.859 2 INS -308 -448 160 -650176 -946640 -55279 -662 -952 37
13.914 2 ROTORCRAFT_FP -448 -308 -158 -946640 -650176 55314 4922 901 1365 0 0 0 0 0 0
13.971 2 DOWNLINK_STATUS 14 11898 310 0 878. 24. 5.41
14.012 2 GPS_INT 0 0 0 0 0 0 0 0 0 0 0 0 0 0 0 0
14.035 2 BMP_STATUS 334506 32071 102741 329
14.108 2 INS -308 -448 194 -650176 -946640 11430 -662 -952 11
14.164 2 ROTORCRAFT_FP -448 -308 -195 -946640 -650176 -11551 4923 901 1366 0 0 0 0 0 0
14.182 2 TIMESTAMP 1830000
14.262 2 GPS_INT 0 0 0 0 0 0 0 0 0 0 0 0 0 0 0 0
14.309 2 BMP_STATUS 334480 32069 102730 329
14.356 2 INS -308 -448 187 -650176 -946640 -2589 -662 -952 34
14.412 2 ROTORCRAFT_FP -448 -308 -187 -946640 -650176 2284 4922 900 1364 0 0 0 0 0 0
14.511 2 GPS_INT 0 0 0 0 0 0 0 0 0 0 0 0 0 0 0 0
14.548 2 DL_VALUE 14 0.
14.582 2 BMP_STATUS 334469 32071 102727 329
14.606 2 INS -308 -448 172 -650176 -946640 -25061 -662 -952 -11
14.662 2 ROTORCRAFT_FP -448 -308 -171 -946640 -650176 24822 4922 900 1363 0 0 0 0 0 0
14.667 2 WP_MOVED_ENU 4 -204 -204 -2688
14.670 2 ROTORCRAFT_NAV_STATUS 1809 1809 2 0 0
14.682 2 TIMESTAMP 1830500
14.760 2 GPS_INT 0 0 0 0 0 0 0 0 0 0 0 0 0 0 0 0
14.854 2 INS -308 -448 169 -650176 -946640 -23916 -662 -952 17
14.860 2 ROTORCRAFT_STATUS 0 0 2 0 0 1 0 0 0 0 88 1830
14.866 2 BMP_STATUS 334476 32076 102736 329
14.910 2 ROTORCRAFT_FP -448 -308 -188 -946640 -650176 -8362 4923 901 1362 0 0 0 0 0 0
14.972 2 DOWNLINK_STATUS 15 12744 332 0 846. 22. 5.41
15.009 2 GPS_INT 0 0 0 0 0 0 0 0 0 0 0 0 0 0 0 0
15.104 2 INS -308 -448 189 -650176 -946640 9035 -662 -952 10
15.129 2 BMP_STATUS 334494 32076 102743 329
15.160 2 ROTORCRAFT_FP -448 -308 -222 -946640 -650176 -63913 4923 901 1361 0 0 0 0 0 0
15.182 2 TIMESTAMP 1831000
15.258 2 GPS_INT 0 0 0 0 0 0 0 0 0 0 0 0 0 0 0 0
15.352 2 INS -308 -448 229 -650176 -946640 65021 -662 -952 23
15.408 2 ROTORCRAFT_FP -448 -308 -230 -946640 -650176 -65193 4923 901 1362 0 0 0 0 0 0
15.413 2 BMP_STATUS 334478 32068 102726 329
15.447 2 ALIVE 73,193,131,76,36,63,151,237,85,221,59,127,170,27,147,33
15.470 2 PONG 
15.507 2 GPS_INT 0 0 0 0 0 0 0 0 0 0 0 0 0 0 0 0
15.602 2 INS -308 -448 198 -650176 -946640 10037 -662 -952 8
15.658 2 ROTORCRAFT_FP -448 -308 -198 -946640 -650176 -10492 4924 901 1361 0 0 0 0 0 0
15.661 2 DL_VALUE 15 0.
15.668 2 I2C_ERRORS 61464 58783 61464 58783 61464 58783 61464 58783 -442503144 0
15.675 2 BMP_STATUS 334491 32071 102735 329
15.683 2 TIMESTAMP 1831500
15.756 2 GPS_INT 0 0 0 0 0 0 0 0 0 0 0 0 0 0 0 0
15.850 2 INS -308 -448 205 -650176 -946640 19885 -662 -952 50
15.906 2 ROTORCRAFT_FP -448 -308 -206 -946640 -650176 -20225 4923 901 1361 0 0 0 0 0 0
15.945 2 WP_MOVED_ENU 5 -204 -204 -2688
15.950 2 BMP_STATUS 334478 32074 102733 329
15.973 2 DOWNLINK_STATUS 16 13610 355 0 866. 23. 5.69
16.005 2 GPS_INT 0 0 0 0 0 0 0 0 0 0 0 0 0 0 0 0
16.046 2 ROTORCRAFT_STATUS 0 0 2 0 0 1 0 0 0 0 88 1831
16.100 2 INS -308 -448 204 -650176 -946640 15090 -662 -952 17
16.143 2 IMU_MAG_RAW -542 -360 -190
16.160 2 ROTORCRAFT_FP -448 -308 -204 -946640 -650176 -15655 4922 902 1360 0 0 0 0 0 0
16.183 2 TIMESTAMP 1832000
16.222 2 BMP_STATUS 334476 32074 102732 329
16.255 2 GPS_INT 0 0 0 0 0 0 0 0 0 0 0 0 0 0 0 0
16.258 2 ROTORCRAFT_NAV_STATUS 1810 1810 2 0 0
16.348 2 INS -308 -448 199 -650176 -946640 6700 -662 -952 3
16.404 2 ROTORCRAFT_FP -448 -308 -199 -946640 -650176 -6900 4922 902 1360 0 0 0 0 0 0
16.503 2 GPS_INT 0 0 0 0 0 0 0 0 0 0 0 0 0 0 0 0
16.509 2 BMP_STATUS 334476 32068 102725 329
16.598 2 INS -308 -448 173 -650176 -946640 -34761 -662 -952 -6
16.654 2 ROTORCRAFT_FP -448 -308 -172 -946640 -650176 34453 4923 903 1360 0 0 0 0 0 0
16.682 2 TIMESTAMP 1832500
16.752 2 GPS_INT 0 0 0 0 0 0 0 0 0 0 0 0 0 0 0 0
16.754 2 DL_VALUE 16 0.
16.768 2 BMP_STATUS 334485 32068 102728 329
16.846 2 INS -308 -448 163 -650176 -946640 -42073 -662 -952 14
16.903 2 ROTORCRAFT_FP -448 -308 -162 -946640 -650176 41737 4922 903 1360 0 0 0 0 0 0
16.974 2 DOWNLINK_STATUS 17 14433 376 0 823. 21. 5.69
17.001 2 GPS_INT 0 0 0 0 0 0 0 0 0 0 0 0 0 0 0 0
17.043 2 BMP_STATUS 334487 32068 102729 329
17.096 2 INS -308 -448 160 -650176 -946640 -37872 -662 -952 31
17.152 2 ROTORCRAFT_FP -448 -308 -159 -946640 -650176 37633 4922 903 1360 0 0 0 0 0 0
17.182 2 TIMESTAMP 1833000
17.250 2 GPS_INT 0 0 0 0 0 0 0 0 0 0 0 0 0 0 0 0
17.256 2 ROTORCRAFT_STATUS 0 0 2 0 0 1 0 0 0 0 87 1832
17.260 2 WP_MOVED_ENU 6 -230 -230 -2688
17.315 2 BMP_STATUS 334486 32070 102732 329
17.344 2 INS -308 -448 167 -650176 -946640 -17192 -662 -952 28
17.401 2 ROTORCRAFT_FP -448 -308 -167 -946640 -650176 17133 4922 903 1359 0 0 0 0 0 0
17.500 2 GPS_INT 0 0 0 0 0 0 0 0 0 0 0 0 0 0 0 0
17.539 2 ALIVE 73,193,131,76,36,63,151,237,85,221,59,127,170,27,147,33
17.594 2 INS -308 -448 165 -650176 -946640 -16408 -662 -952 39
17.599 2 BMP_STATUS 334492 32074 102738 329
17.649 2 ROTORCRAFT_FP -448 -308 -192 -946640 -650176 -28012 4923 903 1361 0 0 0 0 0 0
17.681 2 TIMESTAMP 1833500
17.749 2 GPS_INT 0 0 0 0 0 0 0 0 0 0 0 0 0 0 0 0
17.843 2 INS -308 -448 195 -650176 -946640 28881 -662 -952 39
17.846 2 DL_VALUE 17 1.
17.849 2 ROTORCRAFT_NAV_STATUS 1812 1812 2 0 0
17.863 2 BMP_STATUS 334473 32070 102728 329
17.898 2 ROTORCRAFT_FP -448 -308 -181 -946640 -650176 -4708 4922 904 1361 0 0 0 0 0 0
17.974 2 DOWNLINK_STATUS 18 15302 399 0 869. 23. 5.69
17.997 2 GPS_INT 0 0 0 0 0 0 0 0 0 0 0 0 0 0 0 0
18.092 2 INS -308 -448 181 -650176 -946640 5421 -662 -952 5
18.137 2 BMP_STATUS 334497 32073 102741 329
18.154 2 ROTORCRAFT_FP -448 -308 -182 -946640 -650176 -5744 4923 904 1360 0 0 0 0 0 0
18.182 2 TIMESTAMP 1834000
18.247 2 GPS_INT 0 0 0 0 0 0 0 0 0 0 0 0 0 0 0 0
18.341 2 INS -308 -448 216 -650176 -946640 55987 -662 -952 19
18.395 2 ROTORCRAFT_FP -448 -308 -218 -946640 -650176 -56282 4922 903 1361 0 0 0 0 0 0
18.409 2 BMP_STATUS 334497 32076 102744 329
18.435 2 ROTORCRAFT_STATUS 0 0 2 0 0 1 0 0 0 0 88 1834
18.495 2 GPS_INT 0 0 0 0 0 0 0 0 0 0 0 0 0 0 0 0
18.534 2 WP_MOVED_ENU 7 0 256 -2304
18.590 2 INS -308 -448 252 -650176 -946640 99493 -662 -952 11
18.645 2 ROTORCRAFT_FP -448 -308 -254 -946640 -650176 -99671 4921 902 1361 0 0 0 0 0 0
18.684 2 BMP_STATUS 334475 32073 102733 329
18.686 2 TIMESTAMP 1834500
18.745 2 GPS_INT 0 0 0 0 0 0 0 0 0 0 0 0 0 0 0 0
18.839 2 INS -308 -448 240 -650176 -946640 63958 -662 -952 11
18.894 2 ROTORCRAFT_FP -448 -308 -241 -946640 -650176 -64026 4922 902 1362 0 0 0 0 0 0
18.930 2 DL_VALUE 18 13.
18.956 2 BMP_STATUS 334498 32068 102733 329
18.975 2 DOWNLINK_STATUS 19 16135 420 0 833. 21. 5.69
18.993 2 GPS_INT 0 0 0 0 0 0 0 0 0 0 0 0 0 0 0 0
19.087 2 INS -308 -448 229 -650176 -946640 35783 -662 -952 23
19.142 2 ROTORCRAFT_FP -448 -308 -229 -946640 -650176 -35872 4922 903 1363 0 0 0 0 0 0
19.147 2 IMU_MAG_RAW -542 -358 -191
19.182 2 TIMESTAMP 1835000
19.230 2 BMP_STATUS 334481 32069 102730 329
19.247 2 GPS_INT 0 0 0 0 0 0 0 0 0 0 0 0 0 0 0 0
19.336 2 INS -308 -448 209 -650176 -946640 139 -662 -952 21
19.391 2 ROTORCRAFT_FP -448 -308 -209 -946640 -650176 -636 4922 902 1363 0 0 0 0 0 0
19.428 2 ROTORCRAFT_NAV_STATUS 1814 1814 2 0 0
19.492 2 GPS_INT 0 0 0 0 0 0 0 0 0 0 0 0 0 0 0 0
19.503 2 BMP_STATUS 334478 32070 102729 329
19.586 2 INS -308 -448 192 -650176 -946640 -26431 -662 -952 4
19.641 2 ROTORCRAFT_FP -448 -308 -191 -946640 -650176 26390 4922 902 1361 0 0 0 0 0 0
19.647 2 ROTORCRAFT_STATUS 0 0 2 0 0 1 0 0 0 0 88 1835
19.653 2 ALIVE 73,193,131,76,36,63,151,237,85,221,59,127,170,27,147,33
19.682 2 TIMESTAMP 1835500
19.715 2 I2C_ERRORS 61464 58783 61464 58783 61464 58783 61464 58783 -442503144 1
19.741 2 GPS_INT 0 0 0 0 0 0 0 0 0 0 0 0 0 0 0 0
19.778 2 BMP_STATUS 334487 32070 102733 329
19.834 2 INS -308 -448 191 -650176 -946640 -21231 -662 -952 -7
19.840 2 WP_MOVED_ENU 8 256 0 -1536
19.889 2 ROTORCRAFT_FP -448 -308 -191 -946640 -650176 20988 4922 902 1362 0 0 0 0 0 0
19.975 2 DOWNLINK_STATUS 20 17016 443 0 881. 23. 5.69
19.990 2 GPS_INT 0 0 0 0 0 0 0 0 0 0 0 0 0 0 0 0
20.025 2 DL_VALUE 19 0.
20.050 2 BMP_STATUS 334492 32074 102738 329
20.084 2 INS -308 -448 207 -650176 -946640 9764 -662 -952 -4
20.139 2 ROTORCRAFT_FP -448 -308 -207 -946640 -650176 -9925 4923 902 1361 0 0 0 0 0 0
20.182 2 TIMESTAMP 1836000
20.239 2 GPS_INT 0 0 0 0 0 0 0 0 0 0 0 0 0 0 0 0
20.323 2 BMP_STATUS 334480 32068 102726 329
20.334 2 INS -308 -448 183 -650176 -946640 -31443 -662 -952 5
20.387 2 ROTORCRAFT_FP -448 -308 -182 -946640 -650176 31321 4923 902 1360 0 0 0 0 0 0
20.470 2 PONG 
20.488 2 GPS_INT 0 0 0 0 0 0 0 0 0 0 0 0 0 0 0 0
20.581 2 INS -308 -448 179 -650176 -946640 -30565 -662 -952 12
20.597 2 BMP_STATUS 334483 32076 102739 329
20.637 2 ROTORCRAFT_FP -448 -308 -203 -946640 -650176 -10519 4923 901 1361 0 0 0 0 0 0
20.682 2 TIMESTAMP 1836500
20.737 2 GPS_INT 0 0 0 0 0 0 0 0 0 0 0 0 0 0 0 0
20.832 2 INS -308 -448 204 -650176 -946640 11171 -662 -952 0
20.838 2 ROTORCRAFT_STATUS 0 0 2 0 0 1 0 0 0 0 88 1836
20.871 2 BMP_STATUS 334488 32071 102734 329
20.887 2 ROTORCRAFT_FP -448 -308 -204 -946640 -650176 -11769 4924 901 1360 0 0 0 0 0 0
20.976 2 DOWNLINK_STATUS 21 17836 464 0 820. 21. 5.76
20.986 2 GPS_INT 0 0 0 0 0 0 0 0 0 0 0 0 0 0 0 0
21.022 2 ROTORCRAFT_NAV_STATUS 1815 1815 2 0 0
21.080 2 INS -308 -448 206 -650176 -946640 12852 -662 -952 13
21.134 2 ROTORCRAFT_FP -448 -308 -206 -946640 -650176 -13139 4924 901 1361 0 0 0 0 0 0
21.137 2 DL_VALUE 20 0.
21.142 2 WP_MOVED_ENU 9 256 256 -768
21.149 2 BMP_STATUS 334489 32069 102733 329
21.182 2 TIMESTAMP 1837000
21.235 2 GPS_INT 0 0 0 0 0 0 0 0 0 0 0 0 0 0 0 0
21.328 2 INS -308 -448 203 -650176 -946640 7921 -662 -952 -26
21.383 2 ROTORCRAFT_FP -448 -308 -203 -946640 -650176 -8057 4925 902 1361 0 0 0 0 0 0
21.418 2 BMP_STATUS 334483 32069 102731 329
21.484 2 GPS_INT 0 0 0 0 0 0 0 0 0 0 0 0 0 0 0 0
21.578 2 INS -308 -448 195 -650176 -946640 -4969 -662 -952 4
21.633 2 ROTORCRAFT_FP -448 -308 -195 -946640 -650176 4539 4925 902 1360 0 0 0 0 0 0
21.682 2 TIMESTAMP 1837500
21.691 2 BMP_STATUS 334507 32074 102744 329
21.733 2 GPS_INT 0 0 0 0 0 0 0 0 0 0 0 0 0 0 0 0
21.739 2 ALIVE 73,193,131,76,36,63,151,237,85,221,59,127,170,27,147,33
21.826 2 INS -308 -448 232 -650176 -946640 53617 -662 -952 -12
21.882 2 ROTORCRAFT_FP -448 -308 -233 -946640 -650176 -53906 4926 902 1361 0 0 0 0 0 0
21.964 2 BMP_STATUS 334495 32073 102740 329
21.976 2 DOWNLINK_STATUS 22 18682 486 0 846. 22. 5.76
21.982 2 GPS_INT 0 0 0 0 0 0 0 0 0 0 0 0 0 0 0 0
22.021 2 ROTORCRAFT_STATUS 0 0 2 0 0 1 0 0 0 0 88 1837
22.075 2 INS -308 -448 246 -650176 -946640 66876 -662 -952 37
22.120 2 IMU_MAG_RAW -540 -360 -189
22.136 2 ROTORCRAFT_FP -448 -308 -248 -946640 -650176 -67205 4927 902 1362 0 0 0 0 0 0
22.183 2 TIMESTAMP 1838000
22.230 2 GPS_INT 0 0 0 0 0 0 0 0 0 0 0 0 0 0 0 0
22.233 2 DL_VALUE 21 1024.
22.238 2 BMP_STATUS 334469 32068 102722 329
22.324 2 INS -308 -448 197 -650176 -946640 -20759 -662 -952 -17
22.381 2 ROTORCRAFT_FP -448 -308 -197 -946640 -650176 20573 4928 902 1363 0 0 0 0 0 0
22.418 2 WP_MOVED_ENU 0 10752 10752 -3072
22.480 2 GPS_INT 0 0 0 0 0 0 0 0 0 0 0 0 0 0 0 0
22.511 2 BMP_STATUS 334469 32068 102722 329
22.573 2 INS -308 -448 161 -650176 -946640 -75472 -662 -952 13
22.629 2 ROTORCRAFT_FP -448 -308 -159 -946640 -650176 75435 4928 902 1363 0 0 0 0 0 0
22.631 2 ROTORCRAFT_NAV_STATUS 1817 1817 2 0 0
22.682 2 TIMESTAMP 1838500
22.729 2 GPS_INT 0 0 0 0 0 0 0 0 0 0 0 0 0 0 0 0
22.784 2 BMP_STATUS 334471 32068 102723 329
22.823 2 INS -308 -448 137 -650176 -946640 -97835 -662 -952 3
22.878 2 ROTORCRAFT_FP -448 -308 -135 -946640 -650176 97746 4929 902 1363 0 0 0 0 0 0
22.975 2 DOWNLINK_STATUS 23 19524 508 0 842. 22. 5.76
22.976 2 GPS_INT 0 0 0 0 0 0 0 0 0 0 0 0 0 0 0 0
23.057 2 BMP_STATUS 334471 32072 102728 329
23.072 2 INS -308 -448 136 -650176 -946640 -78765 -662 -952 -3
23.128 2 ROTORCRAFT_FP -448 -308 -134 -946640 -650176 78756 4929 902 1364 0 0 0 0 0 0
23.181 2 TIMESTAMP 1839000
23.225 2 GPS_INT 0 0 0 0 0 0 0 0 0 0 0 0 0 0 0 0
23.233 2 ROTORCRAFT_STATUS 0 0 2 0 0 1 0 0 0 0 88 1838
23.320 2 INS -308 -448 127 -650176 -946640 -77897 -662 -952 -10
23.323 2 DL_VALUE 22 800.
23.331 2 BMP_STATUS 334478 32070 102729 329
23.376 2 ROTORCRAFT_FP -448 -308 -139 -946640 -650176 54717 4929 901 1365 0 0 0 0 0 0
23.474 2 GPS_INT 0 0 0 0 0 0 0 0 0 0 0 0 0 0 0 0
23.570 2 INS -308 -448 133 -650176 -946640 -53954 -662 -952 31
23.575 2 WIND_INFO 2 42 0. 0. 0.
23.605 2 BMP_STATUS 334472 32072 102728 329
23.626 2 ROTORCRAFT_FP -448 -308 -141 -946640 -650176 39876 4928 902 1364 0 0 0 0 0 0
23.681 2 TIMESTAMP 1839500
23.724 2 GPS_INT 0 0 0 0 0 0 0 0 0 0 0 0 0 0 0 0
23.729 2 WP_MOVED_ENU 1 -51 -153 -2688
23.818 2 INS -308 -448 137 -650176 -946640 -39004 -662 -952 1
23.824 2 ALIVE 73,193,131,76,36,63,151,237,85,221,59,127,170,27,147,33
23.874 2 ROTORCRAFT_FP -448 -308 -136 -946640 -650176 39154 4928 902 1365 0 0 0 0 0 0
23.880 2 BMP_STATUS 334473 32071 102728 329
23.973 2 GPS_INT 0 0 0 0 0 0 0 0 0 0 0 0 0 0 0 0
23.976 2 DOWNLINK_STATUS 24 20442 531 0 918. 23. 5.76
24.067 2 INS -308 -448 140 -650176 -946640 -26200 -662 -952 60
24.123 2 ROTORCRAFT_FP -448 -308 -140 -946640 -650176 25863 4928 902 1365 0 0 0 0 0 0
24.151 2 BMP_STATUS 334466 32064 102711 329
24.181 2 TIMESTAMP 1840000
24.221 2 GPS_INT 0 0 0 0 0 0 0 0 0 0 0 0 0 0 0 0
24.225 2 ROTORCRAFT_NAV_STATUS 1818 1818 2 0 0
24.316 2 INS -308 -448 86 -650176 -946640 -100920 -662 -952 78
24.372 2 ROTORCRAFT_FP -448 -308 -84 -946640 -650176 100483 4928 902 1364 0 0 0 0 0 0
24.408 2 DL_VALUE 23 600.
24.414 2 ROTORCRAFT_STATUS 0 0 2 0 0 1 0 0 0 0 88 1840
24.424 2 BMP_STATUS 334472 32070 102727 329
24.471 2 GPS_INT 0 0 0 0 0 0 0 0 0 0 0 0 0 0 0 0
24.566 2 INS -308 -448 101 -650176 -946640 -58914 -662 -952 -44
24.622 2 ROTORCRAFT_FP -448 -308 -100 -946640 -650176 58848 4928 902 1366 0 0 0 0 0 0
24.681 2 TIMESTAMP 1840500
24.698 2 BMP_STATUS 334477 32064 102716 329
24.720 2 GPS_INT 0 0 0 0 0 0 0 0 0 0 0 0 0 0 0 0
24.814 2 INS -308 -448 78 -650176 -946640 -83014 -662 -952 11
24.870 2 ROTORCRAFT_FP -448 -308 -76 -946640 -650176 82862 4928 902 1365 0 0 0 0 0 0
24.969 2 GPS_INT 0 0 0 0 0 0 0 0 0 0 0 0 0 0 0 0
24.975 2 BMP_STATUS 334483 32067 102727 329
24.978 2 DOWNLINK_STATUS 25 21269 552 0 827. 21. 5.76
25.008 2 WP_MOVED_ENU 2 0 0 -2688
25.064 2 INS -308 -448 97 -650176 -946640 -35173 -662 -952 48
25.107 2 IMU_MAG_RAW -543 -359 -188
25.123 2 ROTORCRAFT_FP -448 -308 -97 -946640 -650176 35040 4929 903 1365 0 0 0 0 0 0
25.181 2 TIMESTAMP 1841000
25.218 2 GPS_INT 0 0 0 0 0 0 0 0 0 0 0 0 0 0 0 0
25.244 2 BMP_STATUS 334477 32070 102729 329
25.313 2 INS -308 -448 120 -650176 -946640 7968 -662 -952 -42
25.369 2 ROTORCRAFT_FP -448 -308 -120 -946640 -650176 -8445 4928 903 1366 0 0 0 0 0 0
25.468 2 GPS_INT 0 0 0 0 0 0 0 0 0 0 0 0 0 0 0 0
25.470 2 PONG 
25.504 2 DL_VALUE 24 100.
25.519 2 BMP_STATUS 334483 32068 102727 329
25.562 2 INS -308 -448 131 -650176 -946640 25986 -662 -952 33
25.618 2 ROTORCRAFT_FP -448 -308 -132 -946640 -650176 -26486 4929 902 1367 0 0 0 0 0 0
25.624 2 ROTORCRAFT_STATUS 0 0 2 0 0 1 0 0 0 0 88 1841
25.627 2 UART_ERRORS 0 0 0 1
25.681 2 TIMESTAMP 1841500
25.717 2 GPS_INT 0 0 0 0 0 0 0 0 0 0 0 0 0 0 0 0
25.792 2 BMP_STATUS 334469 32064 102713 329
25.811 2 INS -308 -448 96 -650176 -946640 -35009 -662 -952 18
25.814 2 ROTORCRAFT_NAV_STATUS 1820 1820 2 0 0
25.867 2 ROTORCRAFT_FP -448 -308 -96 -946640 -650176 35095 4927 902 1365 0 0 0 0 0 0
25.905 2 ALIVE 73,193,131,76,36,63,151,237,85,221,59,127,170,27,147,33
25.965 2 GPS_INT 0 0 0 0 0 0 0 0 0 0 0 0 0 0 0 0
25.977 2 DOWNLINK_STATUS 26 22153 577 0 884. 25. 5.2
26.059 2 INS -308 -448 92 -650176 -946640 -33995 -662 -952 19
26.065 2 BMP_STATUS 334486 32064 102718 329
26.115 2 ROTORCRAFT_FP -448 -308 -84 -946640 -650176 45313 4926 901 1365 0 0 0 0 0 0
26.181 2 TIMESTAMP 1842000
26.214 2 GPS_INT 0 0 0 0 0 0 0 0 0 0 0 0 0 0 0 0
26.309 2 INS -308 -448 80 -650176 -946640 -44218 -662 -952 -17
26.313 2 WP_MOVED_ENU 3 -1459 -1177 -2688
26.338 2 BMP_STATUS 334467 32070 102725 329
26.365 2 ROTORCRAFT_FP -448 -308 -98 -946640 -650176 12686 4926 901 1367 0 0 0 0 0 0
26.463 2 GPS_INT 0 0 0 0 0 0 0 0 0 0 0 0 0 0 0 0
26.558 2 INS -308 -448 97 -650176 -946640 -11470 -662 -952 40
26.614 2 ROTORCRAFT_FP -448 -308 -96 -946640 -650176 11032 4927 901 1367 0 0 0 0 0 0
26.615 2 DL_VALUE 25 300.
26.621 2 BMP_STATUS 334478 32070 102729 329
26.681 2 TIMESTAMP 1842500
26.712 2 GPS_INT 0 0 0 0 0 0 0 0 0 0 0 0 0 0 0 0
26.807 2 INS -308 -448 124 -650176 -946640 31265 -662 -952 13
26.813 2 ROTORCRAFT_STATUS 0 0 2 0 0 1 0 0 0 0 87 1842
26.861 2 ROTORCRAFT_FP -448 -308 -124 -946640 -650176 -31549 4926 900 1366 0 0 0 0 0 0
26.885 2 BMP_STATUS 334481 32071 102731 329
26.961 2 GPS_INT 0 0 0 0 0 0 0 0 0 0 0 0 0 0 0 0
26.979 2 DOWNLINK_STATUS 27 22986 598 0 833. 21. 5.2
27.056 2 INS -308 -448 151 -650176 -946640 66913 -662 -952 -59
27.112 2 ROTORCRAFT_FP -448 -308 -152 -946640 -650176 -67379 4927 901 1366 0 0 0 0 0 0
27.158 2 BMP_STATUS 334481 32069 102730 329
27.181 2 TIMESTAMP 1843000
27.210 2 GPS_INT 0 0 0 0 0 0 0 0 0 0 0 0 0 0 0 0
27.305 2 INS -308 -448 166 -650176 -946640 79584 -662 -952 16
27.360 2 ROTORCRAFT_FP -448 -308 -168 -946640 -650176 -80060 4927 901 1366 0 0 0 0 0 0
27.396 2 ROTORCRAFT_NAV_STATUS 1822 1822 2 0 0
27.432 2 BMP_STATUS 334462 32068 102720 329
27.459 2 GPS_INT 0 0 0 0 0 0 0 0 0 0 0 0 0 0 0 0
27.554 2 INS -308 -448 143 -650176 -946640 31377 -662 -952 15
27.609 2 ROTORCRAFT_FP -448 -308 -144 -946640 -650176 -31512 4927 900 1365 0 0 0 0 0 0
27.613 2 WP_MOVED_ENU 4 -204 -204 -2688
27.681 2 TIMESTAMP 1843500
27.708 2 GPS_INT 0 0 0 0 0 0 0 0 0 0 0 0 0 0 0 0
27.711 2 DL_VALUE 26 800.
27.716 2 BMP_STATUS 334471 32068 102723 329
27.803 2 INS -308 -448 135 -650176 -946640 13076 -662 -952 -17
27.858 2 ROTORCRAFT_FP -448 -308 -135 -946640 -650176 -13376 4928 899 1365 0 0 0 0 0 0
27.865 2 I2C_ERRORS 61464 58783 61464 58783 61464 58783 61464 58783 -442503144 0
27.957 2 GPS_INT 0 0 0 0 0 0 0 0 0 0 0 0 0 0 0 0
27.979 2 BMP_STATUS 334483 32067 102727 329
27.979 2 DOWNLINK_STATUS 28 23836 620 0 850. 22. 5.2
27.997 2 ROTORCRAFT_STATUS 0 0 2 0 0 1 0 0 0 0 88 1843
28.003 2 ALIVE 73,193,131,76,36,63,151,237,85,221,59,127,170,27,147,33
28.052 2 INS -308 -448 141 -650176 -946640 20613 -662 -952 -141
28.095 2 IMU_MAG_RAW -543 -361 -192
28.112 2 ROTORCRAFT_FP -448 -308 -141 -946640 -650176 -20357 4928 899 1365 0 0 0 0 0 0
28.180 2 TIMESTAMP 1844000
28.207 2 GPS_INT 0 0 0 0 0 0 0 0 0 0 0 0 0 0 0 0
28.252 2 BMP_STATUS 334485 32068 102728 329
28.301 2 INS -308 -448 148 -650176 -946640 29657 -662 -952 1
28.356 2 ROTORCRAFT_FP -448 -308 -149 -946640 -650176 -29747 4929 899 1365 0 0 0 0 0 0
28.456 2 GPS_INT 0 0 0 0 0 0 0 0 0 0 0 0 0 0 0 0
28.526 2 BMP_STATUS 334470 32068 102723 329
28.549 2 INS -308 -448 138 -650176 -946640 8775 -662 -952 61
28.605 2 ROTORCRAFT_FP -448 -308 -138 -946640 -650176 -7926 4926 897 1363 0 0 0 0 0 0
28.680 2 TIMESTAMP 1844500
28.705 2 GPS_INT 0 0 0 0 0 0 0 0 0 0 0 0 0 0 0 0
28.798 2 INS -308 -448 139 -650176 -946640 9775 -662 -952 -319
28.801 2 DL_VALUE 27 600.
28.807 2 BMP_STATUS 334472 32062 102709 329
28.854 2 ROTORCRAFT_FP -448 -308 -87 -946640 -650176 74081 4903 897 1370 0 0 0 0 0 0
28.892 2 WP_MOVED_ENU 5 -204 -204 -2688
28.953 2 GPS_INT 0 0 0 0 0 0 0 0 0 0 0 0 0 0 0 0
28.980 2 DOWNLINK_STATUS 29 24688 642 0 852. 22. 5.2
28.990 2 ROTORCRAFT_NAV_STATUS 1823 1823 2 0 0
29.047 2 INS -308 -448 79 -650176 -946640 -75831 -662 -952 0
29.073 2 BMP_STATUS 334463 32066 102714 329
29.103 2 ROTORCRAFT_FP -448 -308 -63 -946640 -650176 98557 4916 891 1374 0 0 0 0 0 0
29.180 2 TIMESTAMP 1845000
29.203 2 GPS_INT 0 0 0 0 0 0 0 0 0 0 0 0 0 0 0 0
29.208 2 ROTORCRAFT_STATUS 0 0 2 0 0 1 0 0 0 0 88 1844
29.296 2 INS -308 -448 54 -650176 -946640 -97250 -662 -952 -163
29.352 2 ROTORCRAFT_FP -448 -308 -52 -946640 -650176 99147 4948 887 1377 0 0 0 0 0 0
29.358 2 BMP_STATUS 334477 32065 102718 329
29.452 2 GPS_INT 0 0 0 0 0 0 0 0 0 0 0 0 0 0 0 0
29.545 2 INS -308 -448 51 -650176 -946640 -85862 -662 -952 175
29.601 2 ROTORCRAFT_FP -448 -308 -49 -946640 -650176 86005 4914 894 1378 0 0 0 0 0 0
29.620 2 BMP_STATUS 334478 32062 102711 329
29.681 2 TIMESTAMP 1845500
29.701 2 GPS_INT 0 0 0 0 0 0 0 0 0 0 0 0 0 0 0 0
29.794 2 INS -308 -448 27 -650176 -946640 -103667 -662 -952 185
29.850 2 ROTORCRAFT_FP -448 -308 -25 -946640 -650176 103585 4933 893 1379 0 0 0 0 0 0
29.886 2 DL_VALUE 28 100.
29.893 2 BMP_STATUS 334467 32065 102715 329
29.949 2 GPS_INT 0 0 0 0 0 0 0 0 0 0 0 0 0 0 0 0
29.980 2 DOWNLINK_STATUS 30 25515 663 0 827. 21. 5.2
30.043 2 INS -308 -448 26 -650176 -946640 -87766 -662 -952 -77
30.099 2 ROTORCRAFT_FP -448 -308 -23 -946640 -650176 86590 4930 893 1381 0 0 0 0 0 0
30.105 2 ALIVE 73,193,131,76,36,63,151,237,85,221,59,127,170,27,147,33
30.167 2 BMP_STATUS 334474 32065 102718 329
30.180 2 TIMESTAMP 1846000
30.198 2 GPS_INT 0 0 0 0 0 0 0 0 0 0 0 0 0 0 0 0
30.202 2 WP_MOVED_ENU 6 -230 -230 -2688
30.292 2 INS -308 -448 36 -650176 -946640 -52908 -662 -952 -53
30.348 2 ROTORCRAFT_FP -448 -308 -35 -946640 -650176 53218 4931 894 1382 0 0 0 0 0 0
30.387 2 ROTORCRAFT_STATUS 0 0 2 0 0 1 0 0 0 0 88 1846
30.447 2 GPS_INT 0 0 0 0 0 0 0 0 0 0 0 0 0 0 0 0
30.452 2 BMP_STATUS 334480 32066 102719 329
30.471 2 PONG 
30.541 2 INS -308 -448 49 -650176 -946640 -22347 -662 -952 -6
30.597 2 ROTORCRAFT_FP -448 -308 -49 -946640 -650176 22351 4931 894 1382 0 0 0 0 0 0
30.600 2 ROTORCRAFT_NAV_STATUS 1825 1825 2 0 0
30.863 2 AMSYS_AIRSPEED 3526 19.643396 5.71205 0.559781 24.633018
30.940 2 GPS_INT 0 0 0 0 0 0 0 0 0 0 0 0 0 0 0 0
30.963 2 AMSYS_AIRSPEED 3532 20.116732 5.78046 1.071407 24.633018
30.981 2 DOWNLINK_STATUS 31 26205 682 0 690. 19. 5.38
31.032 2 INS 0 0 0 0 0 0 0 0 0
31.063 2 AMSYS_AIRSPEED 3532 20.116732 5.78046 1.532895 24.633018
31.088 2 ROTORCRAFT_FP 0 0 0 0 0 0 0 0 0 0 0 0 0 0 0
31.162 2 AMSYS_AIRSPEED 3526 19.643396 5.71205 1.942452 24.612038
31.187 2 GPS_INT 0 0 0 0 0 0 0 0 0 0 0 0 0 0 0 0
31.189 2 TIMESTAMP 500
31.223 2 DL_VALUE 0 0.
31.238 2 BMP_STATUS 334467 32063 102712 329
31.261 2 AMSYS_AIRSPEED 3549 21.457848 5.970034 2.337155 24.633018
31.281 2 INS 0 0 0 0 0 0 0 0 0
31.337 2 ROTORCRAFT_FP 0 0 0 0 0 0 0 0 0 0 0 0 0 0 0
31.343 2 ROTORCRAFT_STATUS 0 0 2 0 0 1 0 0 0 0 88 0
31.362 2 AMSYS_AIRSPEED 3526 19.643396 5.71205 2.667895 24.612038
31.436 2 GPS_INT 0 0 0 0 0 0 0 0 0 0 0 0 0 0 0 0
31.441 2 WP_MOVED_ENU 1 -51 -153 -2688
31.461 2 AMSYS_AIRSPEED 3532 20.116732 5.78046 2.972926 24.612038
31.511 2 BMP_STATUS 334461 32066 102713 329
31.530 2 INS 0 0 0 0 0 0 0 0 0
31.534 2 ROTORCRAFT_NAV_STATUS 0 0 0 1 0
31.561 2 AMSYS_AIRSPEED 3532 20.116732 5.78046 3.248065 24.612038
31.586 2 ROTORCRAFT_FP 0 0 0 0 0 0 0 0 0 0 0 0 0 0 0
31.625 2 ALIVE 73,193,131,76,36,63,151,237,85,221,59,127,170,27,147,33
31.660 2 AMSYS_AIRSPEED 3531 20.037842 5.769115 3.495127 24.586861
31.685 2 GPS_INT 0 0 0 0 0 0 0 0 0 0 0 0 0 0 0 0
31.688 2 TIMESTAMP 1000
31.722 2 UART_ERRORS 0 0 0 1
31.759 2 AMSYS_AIRSPEED 3537 20.511177 5.836856 3.724617 24.586861
31.779 2 INS 0 0 0 0 0 0 0 0 0
31.785 2 BMP_STATUS 334472 32062 102709 329
31.835 2 ROTORCRAFT_FP 0 0 0 0 0 0 0 0 0 0 0 0 0 0 0
31.842 2 I2C_ERRORS 61464 58783 61464 58783 61464 58783 61464 58783 -442503144 0
31.859 2 AMSYS_AIRSPEED 3548 21.378958 5.959049 3.943591 24.586861
31.934 2 GPS_INT 0 0 0 0 0 0 0 0 0 0 0 0 0 0 0 0
31.944 2 INS_REF 380523026 58763459 506785682 9243129 1532178 56678 12000 102712
31.960 2 AMSYS_AIRSPEED 3520 19.170061 5.64281 4.110115 24.586861
31.981 2 DOWNLINK_STATUS 32 27370 717 0 1165. 35. 5.38
32.028 2 INS 0 0 0 0 0 0 0 0 0
32.058 2 AMSYS_AIRSPEED 3531 20.037842 5.769115 4.272696 24.586861
32.064 2 BMP_STATUS 334472 32062 102709 329
32.084 2 ROTORCRAFT_FP 0 0 0 0 0 0 0 0 0 0 0 0 0 0 0
32.158 2 AMSYS_AIRSPEED 3531 20.037842 5.769115 4.419345 24.586861
32.183 2 GPS_INT 0 0 0 0 0 0 0 0 0 0 0 0 0 0 0 0
32.186 2 TIMESTAMP 1500
32.259 2 AMSYS_AIRSPEED 3543 20.984512 5.903821 4.564824 24.612038
32.278 2 INS 0 0 0 0 0 0 0 0 0
32.333 2 ROTORCRAFT_FP 0 0 0 0 0 0 0 0 0 0 0 0 0 0 0
32.336 2 DL_VALUE 1 11.
32.341 2 BMP_STATUS 334470 32064 102713 329
32.357 2 AMSYS_AIRSPEED 3548 21.378958 5.959049 4.701458 24.586861
32.432 2 GPS_INT 0 0 0 0 0 0 0 0 0 0 0 0 0 0 0 0
32.457 2 AMSYS_AIRSPEED 3543 20.984512 5.903821 4.819289 24.612038
32.526 2 INS 0 0 0 0 0 0 0 0 0
32.532 2 ROTORCRAFT_STATUS 0 0 2 0 0 1 0 0 0 0 88 1
32.558 2 AMSYS_AIRSPEED 3543 20.984512 5.903821 4.925573 24.612038
32.582 2 ROTORCRAFT_FP 0 0 0 0 0 0 0 0 0 0 0 0 0 0 0
32.605 2 BMP_STATUS 334469 32068 102722 329
32.656 2 AMSYS_AIRSPEED 3554 21.852293 6.024655 5.033283 24.612038
32.681 2 GPS_INT 0 0 0 0 0 0 0 0 0 0 0 0 0 0 0 0
32.684 2 TIMESTAMP 2000
32.720 2 WP_MOVED_ENU 2 0 0 -2688
32.756 2 AMSYS_AIRSPEED 3525 19.564508 5.700569 5.098677 24.586861
32.776 2 INS 0 0 0 0 0 0 0 0 0
32.832 2 ROTORCRAFT_FP 0 0 0 0 0 0 0 0 0 0 0 0 0 0 0
32.855 2 AMSYS_AIRSPEED 3532 20.116732 5.78046 5.165492 24.612038
32.879 2 BMP_STATUS 334482 32068 102727 329
32.930 2 GPS_INT 0 0 0 0 0 0 0 0 0 0 0 0 0 0 0 0
32.955 2 AMSYS_AIRSPEED 3520 19.170061 5.64281 5.212269 24.612038
32.983 2 DOWNLINK_STATUS 33 28443 748 0 1073. 31. 5.38
33.025 2 INS 0 0 0 0 0 0 0 0 0
33.056 2 AMSYS_AIRSPEED 3645 29.031204 6.944104 5.381989 24.586861
33.081 2 ROTORCRAFT_FP 0 0 0 0 0 0 0 0 0 0 0 0 0 0 0
33.116 2 ROTORCRAFT_NAV_STATUS 2 0 0 1 0
33.152 2 BMP_STATUS 334488 32062 102715 329
33.158 2 AMSYS_AIRSPEED 3542 20.905622 5.892713 5.432039 24.586861
33.179 2 GPS_INT 0 0 0 0 0 0 0 0 0 0 0 0 0 0 0 0
33.182 2 TIMESTAMP 2500
33.254 2 AMSYS_AIRSPEED 3526 19.643396 5.71205 5.459481 24.633018
33.274 2 INS 0 0 0 0 0 0 0 0 0
33.329 2 ROTORCRAFT_FP 0 0 0 0 0 0 0 0 0 0 0 0 0 0 0
33.353 2 AMSYS_AIRSPEED 3526 19.643396 5.71205 5.484233 24.612038
33.428 2 GPS_INT 0 0 0 0 0 0 0 0 0 0 0 0 0 0 0 0
33.431 2 DL_VALUE 2 1.
33.437 2 BMP_STATUS 334463 32064 102710 329
33.453 2 AMSYS_AIRSPEED 3532 20.116732 5.78046 5.513263 24.612038
33.523 2 INS 0 0 0 0 0 0 0 0 0
33.553 2 AMSYS_AIRSPEED 3532 20.116732 5.78046 5.539448 24.633018
33.579 2 ROTORCRAFT_FP 0 0 0 0 0 0 0 0 0 0 0 0 0 0 0
33.653 2 AMSYS_AIRSPEED 3526 19.643396 5.71205 5.556364 24.612038
33.677 2 GPS_INT 0 0 0 0 0 0 0 0 0 0 0 0 0 0 0 0
33.682 2 TIMESTAMP 3000
33.699 2 BMP_STATUS 334461 32064 102710 329
33.717 2 ROTORCRAFT_STATUS 0 0 2 0 0 1 0 0 0 0 88 2
33.723 2 ALIVE 73,193,131,76,36,63,151,237,85,221,59,127,170,27,147,33
33.752 2 AMSYS_AIRSPEED 3520 19.170061 5.64281 5.564835 24.612038
33.772 2 INS 0 0 0 0 0 0 0 0 0
33.816 2 IMU_MAG_RAW -542 -358 -191
33.832 2 ROTORCRAFT_FP 0 0 0 0 0 0 0 0 0 0 0 0 0 0 0
33.853 2 AMSYS_AIRSPEED 3548 21.378958 5.959049 5.603468 24.586861
33.926 2 GPS_INT 0 0 0 0 0 0 0 0 0 0 0 0 0 0 0 0
33.951 2 AMSYS_AIRSPEED 3543 20.984512 5.903821 5.632902 24.633018
33.973 2 BMP_STATUS 334472 32063 102714 329
33.984 2 DOWNLINK_STATUS 34 29551 781 0 1108. 33. 5.38
34.021 2 INS 0 0 0 0 0 0 0 0 0
34.026 2 WP_MOVED_ENU 3 -1459 -1177 -2688
34.051 2 AMSYS_AIRSPEED 3532 20.116732 5.78046 5.647363 24.612038
34.077 2 ROTORCRAFT_FP 0 0 0 0 0 0 0 0 0 0 0 0 0 0 0
34.150 2 AMSYS_AIRSPEED 3515 18.775616 5.584455 5.641198 24.612038
34.175 2 GPS_INT 0 0 0 0 0 0 0 0 0 0 0 0 0 0 0 0
34.182 2 TIMESTAMP 3500
34.246 2 BMP_STATUS 334497 32062 102718 329
34.252 2 AMSYS_AIRSPEED 3532 20.116732 5.78046 5.654845 24.612038
34.270 2 INS 0 0 0 0 0 0 0 0 0
34.326 2 ROTORCRAFT_FP 0 0 0 0 0 0 0 0 0 0 0 0 0 0 0
34.350 2 AMSYS_AIRSPEED 3526 19.643396 5.71205 5.660451 24.612038
34.424 2 GPS_INT 0 0 0 0 0 0 0 0 0 0 0 0 0 0 0 0
34.449 2 AMSYS_AIRSPEED 3537 20.511177 5.836856 5.677739 24.633018
34.519 2 INS 0 0 0 0 0 0 0 0 0
34.522 2 DL_VALUE 3 0.
34.527 2 BMP_STATUS 334509 32063 102726 329
34.548 2 AMSYS_AIRSPEED 3520 19.170061 5.64281 5.674316 24.612038
34.574 2 ROTORCRAFT_FP 0 0 0 0 0 0 0 0 0 0 0 0 0 0 0
34.648 2 AMSYS_AIRSPEED 3531 20.037842 5.769115 5.683606 24.586861
34.673 2 GPS_INT 0 0 0 0 0 0 0 0 0 0 0 0 0 0 0 0
34.682 2 TIMESTAMP 4000
34.710 2 ROTORCRAFT_NAV_STATUS 3 0 0 1 0
34.748 2 AMSYS_AIRSPEED 3542 20.905622 5.892713 5.704099 24.586861
34.768 2 INS 0 0 0 0 0 0 0 0 0
34.793 2 BMP_STATUS 334478 32066 102719 329
34.823 2 ROTORCRAFT_FP 0 0 0 0 0 0 0 0 0 0 0 0 0 0 0
34.848 2 AMSYS_AIRSPEED 3537 20.511177 5.836856 5.717109 24.612038
34.923 2 GPS_INT 0 0 0 0 0 0 0 0 0 0 0 0 0 0 0 0
34.928 2 ROTORCRAFT_STATUS 0 0 2 0 0 1 0 0 0 0 88 4
34.947 2 AMSYS_AIRSPEED 3515 18.775616 5.584455 5.704109 24.612038
34.984 2 DOWNLINK_STATUS 35 30615 812 0 1064. 31. 5.38
35.017 2 INS 0 0 0 0 0 0 0 0 0
35.047 2 AMSYS_AIRSPEED 3509 18.30228 5.513614 5.685441 24.633018
35.072 2 ROTORCRAFT_FP 0 0 0 0 0 0 0 0 0 0 0 0 0 0 0
35.078 2 BMP_STATUS 334461 32068 102719 329
35.146 2 AMSYS_AIRSPEED 3542 20.905622 5.892713 5.705753 24.586861
35.171 2 GPS_INT 0 0 0 0 0 0 0 0 0 0 0 0 0 0 0 0
35.182 2 TIMESTAMP 4500
35.246 2 AMSYS_AIRSPEED 3543 20.984512 5.903821 5.725164 24.612038
35.266 2 INS 0 0 0 0 0 0 0 0 0
35.321 2 ROTORCRAFT_FP 0 0 0 0 0 0 0 0 0 0 0 0 0 0 0
35.326 2 WP_MOVED_ENU 4 -204 -204 -2688
35.340 2 BMP_STATUS 334485 32065 102721 329
35.346 2 AMSYS_AIRSPEED 3520 19.170061 5.64281 5.717093 24.612038
35.420 2 GPS_INT 0 0 0 0 0 0 0 0 0 0 0 0 0 0 0 0
35.444 2 AMSYS_AIRSPEED 3509 18.30228 5.513614 5.697152 24.633018
35.472 2 PONG 
35.515 2 INS 0 0 0 0 0 0 0 0 0
35.545 2 AMSYS_AIRSPEED 3515 18.775616 5.584455 5.686108 24.612038
35.570 2 ROTORCRAFT_FP 0 0 0 0 0 0 0 0 0 0 0 0 0 0 0
35.606 2 DL_VALUE 4 100.
35.612 2 BMP_STATUS 334483 32066 102721 329
35.643 2 AMSYS_AIRSPEED 3543 20.984512 5.903821 5.707443 24.633018
35.670 2 GPS_INT 0 0 0 0 0 0 0 0 0 0 0 0 0 0 0 0
