2.007 2 AMSYS_AIRSPEED 3357 6.311131 3.237705 3.135165 23.034256
2.026 2 INS -274 -419 -264 -583056 -889168 365 -606 -920 34
2.082 2 ROTORCRAFT_FP -419 -274 264 -889168 -583056 -671 4467 948 1303 0 0 0 0 0 0
2.106 2 AMSYS_AIRSPEED 3350 5.758907 3.092814 3.131015 23.004883
2.121 2 BMP_STATUS 334339 31977 102521 324
2.181 2 GPS_INT 0 0 0 0 0 0 0 0 0 0 0 0 0 0 0 0
2.186 2 WP_MOVED_ENU 1 -51 -153 -2688
2.206 2 AMSYS_AIRSPEED 3356 6.232242 3.217406 3.139481 23.004883
2.276 2 INS -274 -419 -263 -583056 -889168 1425 -606 -920 -21
2.278 2 DL_VALUE 37 0.
2.284 2 ROTORCRAFT_STATUS 0 0 2 0 0 1 0 0 0 0 87 91
2.287 2 TIMESTAMP 91500
2.305 2 AMSYS_AIRSPEED 3351 5.837797 3.113925 3.136977 23.034256
2.332 2 ROTORCRAFT_FP -419 -274 263 -889168 -583056 -1244 4467 948 1303 0 0 0 0 0 0
2.394 2 BMP_STATUS 334349 31979 102527 324
2.405 2 AMSYS_AIRSPEED 3351 5.837797 3.113925 3.134718 23.034256
2.430 2 GPS_INT 0 0 0 0 0 0 0 0 0 0 0 0 0 0 0 0
2.467 2 ROTORCRAFT_NAV_STATUS 70 70 2 0 0
2.505 2 AMSYS_AIRSPEED 3357 6.311131 3.237705 3.14481 23.034256
2.525 2 INS -274 -419 -243 -583056 -889168 32300 -606 -920 -10
2.580 2 ROTORCRAFT_FP -419 -274 242 -889168 -583056 -32291 4467 948 1304 0 0 0 0 0 0
2.604 2 AMSYS_AIRSPEED 3357 6.311131 3.237705 3.153914 23.055237
2.667 2 BMP_STATUS 334331 31978 102518 324
2.683 2 GPS_INT 0 0 0 0 0 0 0 0 0 0 0 0 0 0 0 0
2.704 2 AMSYS_AIRSPEED 3362 6.705577 3.33735 3.171891 23.034256
2.773 2 INS -274 -419 -257 -583056 -889168 3319 -606 -920 -27
2.782 2 TIMESTAMP 92000
2.804 2 AMSYS_AIRSPEED 3357 6.311131 3.237705 3.178341 23.034256
2.810 2 DOWNLINK_STATUS 3 3296 97 0 1086. 32. 0.
2.830 2 ROTORCRAFT_FP -419 -274 257 -889168 -583056 -3295 4467 947 1305 0 0 0 0 0 0
2.903 2 AMSYS_AIRSPEED 3362 6.705577 3.33735 3.193923 23.034256
2.928 2 GPS_INT 0 0 0 0 0 0 0 0 0 0 0 0 0 0 0 0
2.941 2 BMP_STATUS 334345 31978 102522 324
3.003 2 AMSYS_AIRSPEED 3351 5.837797 3.113925 3.186084 23.034256
3.022 2 INS -274 -419 -256 -583056 -889168 4727 -606 -920 19
3.078 2 ROTORCRAFT_FP -419 -274 256 -889168 -583056 -4736 4467 947 1306 0 0 0 0 0 0
3.103 2 AMSYS_AIRSPEED 3351 5.837797 3.113925 3.179012 23.034256
3.178 2 GPS_INT 0 0 0 0 0 0 0 0 0 0 0 0 0 0 0 0
3.202 2 AMSYS_AIRSPEED 3362 6.705577 3.33735 3.194529 23.055237
3.214 2 BMP_STATUS 334327 31980 102520 324
3.272 2 INS -274 -419 -261 -583056 -889168 -4432 -606 -920 3
3.283 2 TIMESTAMP 92500
3.302 2 AMSYS_AIRSPEED 3357 6.311131 3.237705 3.19876 23.080414
3.329 2 ROTORCRAFT_FP -419 -274 261 -889168 -583056 4528 4467 947 1308 0 0 0 0 0 0
3.364 2 DL_VALUE 38 0.
3.402 2 AMSYS_AIRSPEED 3345 5.364462 2.985017 3.177814 23.034256
3.426 2 GPS_INT 0 0 0 0 0 0 0 0 0 0 0 0 0 0 0 0
3.466 2 ROTORCRAFT_STATUS 0 0 2 0 0 1 0 0 0 0 87 92
3.470 2 WP_MOVED_ENU 2 0 0 -2688
3.488 2 BMP_STATUS 334349 31978 102524 324
3.500 2 AMSYS_AIRSPEED 3362 6.705577 3.33735 3.193448 23.055237
3.520 2 INS -274 -419 -253 -583056 -889168 10413 -606 -920 -12
3.564 2 IMU_MAG_RAW -545 -375 -191
3.581 2 ROTORCRAFT_FP -419 -274 252 -889168 -583056 -10315 4468 948 1310 0 0 0 0 0 0
3.601 2 AMSYS_AIRSPEED 3368 7.178912 3.453131 3.218897 23.034256
3.676 2 GPS_INT 0 0 0 0 0 0 0 0 0 0 0 0 0 0 0 0
3.701 2 AMSYS_AIRSPEED 3351 5.837797 3.113925 3.20861 23.034256
3.761 2 BMP_STATUS 334329 31980 102521 324
3.772 2 INS -274 -419 -255 -583056 -889168 3771 -606 -920 -4
3.779 2 ALIVE 122,140,43,44,117,47,213,84,234,233,88,168,42,169,78,67
3.783 2 TIMESTAMP 93000
3.800 2 AMSYS_AIRSPEED 3351 5.837797 3.113925 3.199331 23.055237
3.811 2 DOWNLINK_STATUS 4 4410 130 0 1114. 33. 0.
3.826 2 ROTORCRAFT_FP -419 -274 255 -889168 -583056 -4101 4469 947 1311 0 0 0 0 0 0
3.900 2 AMSYS_AIRSPEED 3351 5.837797 3.113925 3.190961 23.034256
3.925 2 GPS_INT 0 0 0 0 0 0 0 0 0 0 0 0 0 0 0 0
3.999 2 AMSYS_AIRSPEED 3351 5.837797 3.113925 3.183411 23.055237
4.019 2 INS -274 -419 -255 -583056 -889168 4161 -606 -920 16
4.034 2 BMP_STATUS 334342 31978 102521 324
4.074 2 ROTORCRAFT_FP -419 -274 258 -889168 -583056 576 4469 948 1311 0 0 0 0 0 0
4.077 2 ROTORCRAFT_NAV_STATUS 72 72 2 0 0
4.098 2 AMSYS_AIRSPEED 3362 6.705577 3.33735 3.198497 23.034256
4.173 2 GPS_INT 0 0 0 0 0 0 0 0 0 0 0 0 0 0 0 0
4.198 2 AMSYS_AIRSPEED 3362 6.705577 3.33735 3.212105 23.055237
4.269 2 INS -274 -419 -258 -583056 -889168 -365 -606 -920 17
4.283 2 TIMESTAMP 93500
4.298 2 AMSYS_AIRSPEED 3357 6.311131 3.237705 3.214614 23.034256
4.308 2 BMP_STATUS 334337 31978 102520 324
4.325 2 ROTORCRAFT_FP -419 -274 262 -889168 -583056 8057 4468 949 1312 0 0 0 0 0 0
4.397 2 AMSYS_AIRSPEED 3351 5.837797 3.113925 3.204746 23.034256
4.422 2 GPS_INT 0 0 0 0 0 0 0 0 0 0 0 0 0 0 0 0
4.459 2 DL_VALUE 39 0.
4.497 2 AMSYS_AIRSPEED 3357 6.311131 3.237705 3.207976 23.034256
4.518 2 INS -274 -419 -263 -583056 -889168 -8114 -606 -920 -5
4.574 2 ROTORCRAFT_FP -419 -274 263 -889168 -583056 8117 4468 949 1312 0 0 0 0 0 0
4.581 2 BMP_STATUS 334339 31976 102517 324
4.597 2 AMSYS_AIRSPEED 3351 5.837797 3.113925 3.198759 23.034256
4.672 2 GPS_INT 0 0 0 0 0 0 0 0 0 0 0 0 0 0 0 0
4.678 2 ROTORCRAFT_STATUS 0 0 2 0 0 1 0 0 0 0 88 93
4.697 2 AMSYS_AIRSPEED 3351 5.837797 3.113925 3.190445 23.055237
4.767 2 INS -274 -419 -278 -583056 -889168 -27927 -606 -920 29
4.772 2 WP_MOVED_ENU 3 -1459 -1177 -2688
4.783 2 TIMESTAMP 94000
4.797 2 AMSYS_AIRSPEED 3362 6.705577 3.33735 3.204842 23.055237
4.812 2 DOWNLINK_STATUS 5 5474 161 0 1064. 31. 0.
4.822 2 ROTORCRAFT_FP -419 -274 278 -889168 -583056 27752 4468 951 1312 0 0 0 0 0 0
4.855 2 BMP_STATUS 334343 31976 102519 324
4.896 2 AMSYS_AIRSPEED 3345 5.364462 2.985017 3.183299 23.034256
4.921 2 GPS_INT 0 0 0 0 0 0 0 0 0 0 0 0 0 0 0 0
4.995 2 AMSYS_AIRSPEED 3362 6.705577 3.33735 3.198396 23.034256
5.015 2 INS -274 -419 -281 -583056 -889168 -27422 -606 -920 -24
5.070 2 ROTORCRAFT_FP -419 -274 281 -889168 -583056 27319 4468 949 1311 0 0 0 0 0 0
5.094 2 AMSYS_AIRSPEED 3345 5.364462 2.985017 3.177485 23.034256
5.127 2 BMP_STATUS 334330 31981 102521 324
5.169 2 GPS_INT 0 0 0 0 0 0 0 0 0 0 0 0 0 0 0 0
5.195 2 AMSYS_AIRSPEED 3362 6.705577 3.33735 3.193152 23.034256
5.265 2 INS -274 -419 -276 -583056 -889168 -14739 -606 -920 29
5.283 2 TIMESTAMP 94500
5.294 2 AMSYS_AIRSPEED 3357 6.311131 3.237705 3.197518 23.034256
5.319 2 ROTORCRAFT_FP -419 -274 276 -889168 -583056 14786 4468 951 1311 0 0 0 0 0 0
5.321 2 PONG 
5.394 2 AMSYS_AIRSPEED 3351 5.837797 3.113925 3.189326 23.034256
5.402 2 BMP_STATUS 334340 31981 102525 324
5.419 2 GPS_INT 0 0 0 0 0 0 0 0 0 0 0 0 0 0 0 0
5.496 2 AMSYS_AIRSPEED 3362 6.705577 3.33735 3.203832 23.055237
5.513 2 INS -274 -419 -259 -583056 -889168 14325 -606 -920 11
5.568 2 ROTORCRAFT_FP -419 -274 259 -889168 -583056 -14389 4470 950 1312 0 0 0 0 0 0
5.570 2 DL_VALUE 40 0.
5.592 2 AMSYS_AIRSPEED 3351 5.837797 3.113925 3.195021 23.034256
5.668 2 GPS_INT 0 0 0 0 0 0 0 0 0 0 0 0 0 0 0 0
5.671 2 ROTORCRAFT_NAV_STATUS 73 73 2 0 0
5.677 2 BMP_STATUS 334322 31983 102522 324
5.693 2 AMSYS_AIRSPEED 3362 6.705577 3.33735 3.208969 23.034256
5.762 2 INS -274 -419 -256 -583056 -889168 15992 -606 -920 5
5.783 2 TIMESTAMP 95000
5.792 2 AMSYS_AIRSPEED 3362 6.705577 3.33735 3.221551 23.034256
5.811 2 DOWNLINK_STATUS 6 6524 192 0 1050. 31. 11.37
5.817 2 ROTORCRAFT_FP -419 -274 256 -889168 -583056 -16115 4470 950 1314 0 0 0 0 0 0
5.857 2 ROTORCRAFT_STATUS 0 0 2 0 0 1 0 0 0 0 88 94
5.863 2 ALIVE 122,140,43,44,117,47,213,84,234,233,88,168,42,169,78,67
5.891 2 AMSYS_AIRSPEED 3362 6.705577 3.33735 3.232899 23.034256
5.917 2 GPS_INT 0 0 0 0 0 0 0 0 0 0 0 0 0 0 0 0
5.949 2 BMP_STATUS 334352 31977 102525 324
5.991 2 AMSYS_AIRSPEED 3357 6.311131 3.237705 3.23337 23.034256
6.011 2 INS -274 -419 -244 -583056 -889168 31520 -606 -920 -44
6.065 2 ROTORCRAFT_FP -419 -274 244 -889168 -583056 -31491 4470 950 1314 0 0 0 0 0 0
6.070 2 WP_MOVED_ENU 4 -204 -204 -2688
6.090 2 AMSYS_AIRSPEED 3362 6.705577 3.33735 3.24356 23.034256
6.166 2 GPS_INT 0 0 0 0 0 0 0 0 0 0 0 0 0 0 0 0
6.192 2 AMSYS_AIRSPEED 3357 6.311131 3.237705 3.242986 23.034256
6.222 2 BMP_STATUS 334330 31980 102521 324
6.261 2 INS -274 -419 -249 -583056 -889168 18237 -606 -920 17
6.283 2 TIMESTAMP 95500
6.290 2 AMSYS_AIRSPEED 3362 6.705577 3.33735 3.252234 23.034256
6.316 2 ROTORCRAFT_FP -419 -274 248 -889168 -583056 -18224 4470 950 1315 0 0 0 0 0 0
6.390 2 AMSYS_AIRSPEED 3362 6.705577 3.33735 3.260575 23.034256
6.415 2 GPS_INT 0 0 0 0 0 0 0 0 0 0 0 0 0 0 0 0
6.492 2 AMSYS_AIRSPEED 3362 6.705577 3.33735 3.268099 23.055237
6.495 2 BMP_STATUS 334332 31977 102518 324
6.509 2 INS -274 -419 -261 -583056 -889168 -6355 -606 -920 28
6.552 2 IMU_MAG_RAW -549 -368 -191
6.569 2 ROTORCRAFT_FP -419 -274 262 -889168 -583056 5914 4469 952 1315 0 0 0 0 0 0
6.591 2 AMSYS_AIRSPEED 3351 5.837797 3.113925 3.25299 23.034256
6.664 2 GPS_INT 0 0 0 0 0 0 0 0 0 0 0 0 0 0 0 0
6.667 2 DL_VALUE 41 0.
6.688 2 AMSYS_AIRSPEED 3357 6.311131 3.237705 3.251492 23.034256
6.758 2 INS -274 -419 -262 -583056 -889168 -5610 -606 -920 19
6.768 2 BMP_STATUS 334327 31981 102521 324
6.783 2 TIMESTAMP 96000
6.790 2 AMSYS_AIRSPEED 3351 5.837797 3.113925 3.23801 23.055237
6.811 2 DOWNLINK_STATUS 7 7638 225 0 1114. 33. 11.37
6.814 2 ROTORCRAFT_FP -419 -274 262 -889168 -583056 5815 4468 951 1313 0 0 0 0 0 0
6.888 2 AMSYS_AIRSPEED 3357 6.311131 3.237705 3.237981 23.034256
6.913 2 GPS_INT 0 0 0 0 0 0 0 0 0 0 0 0 0 0 0 0
6.996 2 AMSYS_AIRSPEED 3362 6.705577 3.33735 3.247719 23.034256
7.007 2 INS -274 -419 -263 -583056 -889168 -5650 -606 -920 26
7.042 2 BMP_STATUS 334342 31980 102525 324
7.063 2 ROTORCRAFT_FP -419 -274 251 -889168 -583056 -15005 4466 952 1312 0 0 0 0 0 0
7.068 2 ROTORCRAFT_STATUS 0 0 2 0 0 1 0 0 0 0 88 96
7.088 2 AMSYS_AIRSPEED 3345 5.364462 2.985017 3.221974 23.034256
7.161 2 GPS_INT 0 0 0 0 0 0 0 0 0 0 0 0 0 0 0 0
7.186 2 AMSYS_AIRSPEED 3345 5.364462 2.985017 3.198752 23.055237
7.256 2 INS -274 -419 -249 -583056 -889168 14888 -606 -920 -27
7.259 2 ROTORCRAFT_NAV_STATUS 75 75 2 0 0
7.287 2 AMSYS_AIRSPEED 3357 6.311131 3.237705 3.202569 23.055237
7.288 2 TIMESTAMP 96500
7.312 2 ROTORCRAFT_FP -419 -274 249 -889168 -583056 -14919 4466 953 1311 0 0 0 0 0 0
7.317 2 BMP_STATUS 334330 31980 102521 324
7.350 2 WP_MOVED_ENU 5 -204 -204 -2688
7.386 2 AMSYS_AIRSPEED 3362 6.705577 3.33735 3.215778 23.055237
7.411 2 GPS_INT 0 0 0 0 0 0 0 0 0 0 0 0 0 0 0 0
7.496 2 AMSYS_AIRSPEED 3345 5.364462 2.985017 3.193163 23.055237
7.505 2 INS -274 -419 -253 -583056 -889168 6663 -606 -920 18
7.561 2 ROTORCRAFT_FP -419 -274 253 -889168 -583056 -6735 4466 952 1312 0 0 0 0 0 0
7.585 2 AMSYS_AIRSPEED 3345 5.364462 2.985017 3.172765 23.034256
7.590 2 BMP_STATUS 334329 31976 102513 324
7.659 2 GPS_INT 0 0 0 0 0 0 0 0 0 0 0 0 0 0 0 0
7.683 2 AMSYS_AIRSPEED 3351 5.837797 3.113925 3.166998 23.034256
7.755 2 INS -274 -419 -284 -583056 -889168 -38965 -606 -920 12
7.757 2 DL_VALUE 42 0.
7.784 2 AMSYS_AIRSPEED 3357 6.311131 3.237705 3.173928 23.034256
7.786 2 TIMESTAMP 97000
7.810 2 ROTORCRAFT_FP -419 -274 285 -889168 -583056 38956 4465 952 1313 0 0 0 0 0 0
7.811 2 DOWNLINK_STATUS 8 8766 257 0 1128. 32. 11.37
7.862 2 BMP_STATUS 334340 31978 102521 324
7.884 2 AMSYS_AIRSPEED 3345 5.364462 2.985017 3.155414 23.034256
7.910 2 GPS_INT 0 0 0 0 0 0 0 0 0 0 0 0 0 0 0 0
7.949 2 ALIVE 122,140,43,44,117,47,213,84,234,233,88,168,42,169,78,67
7.982 2 AMSYS_AIRSPEED 3351 5.837797 3.113925 3.151348 23.055237
8.002 2 INS -274 -419 -279 -583056 -889168 -24560 -606 -920 27
8.058 2 ROTORCRAFT_FP -419 -274 279 -889168 -583056 24664 4465 952 1312 0 0 0 0 0 0
8.082 2 AMSYS_AIRSPEED 3345 5.364462 2.985017 3.135047 23.055237
8.135 2 BMP_STATUS 334337 31979 102523 324
8.157 2 GPS_INT 0 0 0 0 0 0 0 0 0 0 0 0 0 0 0 0
8.181 2 AMSYS_AIRSPEED 3362 6.705577 3.33735 3.154873 23.055237
8.252 2 INS -274 -419 -268 -583056 -889168 -2736 -606 -920 18
8.257 2 ROTORCRAFT_STATUS 0 0 2 0 0 1 0 0 0 0 88 97
8.281 2 AMSYS_AIRSPEED 3357 6.311131 3.237705 3.162991 23.055237
8.285 2 TIMESTAMP 97500
8.308 2 ROTORCRAFT_FP -419 -274 268 -889168 -583056 2791 4465 952 1312 0 0 0 0 0 0
8.381 2 AMSYS_AIRSPEED 3351 5.837797 3.113925 3.158182 23.034256
8.406 2 GPS_INT 0 0 0 0 0 0 0 0 0 0 0 0 0 0 0 0
8.411 2 BMP_STATUS 334344 31980 102526 324
8.480 2 AMSYS_AIRSPEED 3357 6.311131 3.237705 3.165975 23.055237
8.500 2 INS -274 -419 -250 -583056 -889168 25979 -606 -920 0
8.557 2 ROTORCRAFT_FP -419 -274 249 -889168 -583056 -26002 4465 952 1314 0 0 0 0 0 0
8.581 2 AMSYS_AIRSPEED 3374 7.652247 3.565153 3.205095 23.034256
8.656 2 GPS_INT 0 0 0 0 0 0 0 0 0 0 0 0 0 0 0 0
8.661 2 WP_MOVED_ENU 6 -230 -230 -2688
8.680 2 AMSYS_AIRSPEED 3357 6.311131 3.237705 3.208291 23.034256
8.687 2 BMP_STATUS 334325 31976 102512 324
8.749 2 INS -274 -419 -281 -583056 -889168 -28270 -606 -920 41
8.779 2 AMSYS_AIRSPEED 3362 6.705577 3.33735 3.220938 23.034256
8.782 2 TIMESTAMP 98000
8.805 2 ROTORCRAFT_FP -419 -274 282 -889168 -583056 28306 4465 952 1311 0 0 0 0 0 0
8.811 2 DOWNLINK_STATUS 9 9851 288 0 1085. 31. 11.37
8.841 2 DL_VALUE 43 1.
8.845 2 ROTORCRAFT_NAV_STATUS 76 76 2 0 0
8.879 2 AMSYS_AIRSPEED 3357 6.311131 3.237705 3.222582 23.034256
8.905 2 GPS_INT 0 0 0 0 0 0 0 0 0 0 0 0 0 0 0 0
8.956 2 BMP_STATUS 334332 31978 102518 324
8.980 2 AMSYS_AIRSPEED 3345 5.364462 2.985017 3.1993 23.034256
8.999 2 INS -274 -419 -286 -583056 -889168 -31010 -606 -920 2
9.054 2 ROTORCRAFT_FP -419 -274 287 -889168 -583056 30839 4463 953 1310 0 0 0 0 0 0
9.078 2 AMSYS_AIRSPEED 3351 5.837797 3.113925 3.190933 23.034256
9.154 2 GPS_INT 0 0 0 0 0 0 0 0 0 0 0 0 0 0 0 0
9.177 2 AMSYS_AIRSPEED 3357 6.311131 3.237705 3.195517 23.034256
9.230 2 BMP_STATUS 334330 31978 102518 324
9.248 2 INS -274 -419 -289 -583056 -889168 -29638 -606 -920 26
9.277 2 AMSYS_AIRSPEED 3351 5.837797 3.113925 3.187521 23.055237
9.282 2 TIMESTAMP 98500
9.303 2 ROTORCRAFT_FP -419 -274 290 -889168 -583056 29734 4464 954 1310 0 0 0 0 0 0
9.377 2 AMSYS_AIRSPEED 3351 5.837797 3.113925 3.180309 23.034256
9.403 2 GPS_INT 0 0 0 0 0 0 0 0 0 0 0 0 0 0 0 0
9.441 2 ROTORCRAFT_STATUS 0 0 2 0 0 1 0 0 0 0 87 98
9.476 2 AMSYS_AIRSPEED 3362 6.705577 3.33735 3.195698 23.004883
9.496 2 INS -274 -419 -292 -583056 -889168 -29971 -606 -920 -12
9.502 2 BMP_STATUS 334330 31977 102518 324
9.540 2 IMU_MAG_RAW -544 -370 -189
