4.645 2 WIND_INFO 2 42 0. 0. 0.
10.992 2 WIND_INFO 2 42 0. 0. 0.
14.645 2 WIND_INFO 2 42 0. 0. 0.
20.990 2 WIND_INFO 2 42 0. 0. 0.
24.645 2 WIND_INFO 2 42 0. 0. 0.
30.990 2 WIND_INFO 2 42 0. 0. 0.
34.645 2 WIND_INFO 2 42 0. 0. 0.
40.990 2 WIND_INFO 2 42 0. 0. 0.
44.645 2 WIND_INFO 2 42 0. 0. 0.
45.157 2 SETTING 0 2 0.
50.991 2 WIND_INFO 2 42 0. 0. 0.
52.123 2 DOWNLINK_STATUS 52 293 17 229 22. 1. -34998.19
52.873 2 DOWNLINK_STATUS 174888 509325 17230 267 0. 0. -14138.61
53.018 2 DL_VALUE 10 1.
53.123 2 DOWNLINK_STATUS 53 293 17 229 0. 0. -34998.19
53.486 2 BMP_STATUS 333016 30920 100239 261
53.872 2 DOWNLINK_STATUS 174889 509358 17232 273 33. 2. -14138.61
54.124 2 DOWNLINK_STATUS 54 293 17 229 0. 0. -34998.19
54.645 2 WIND_INFO 2 42 0. 0. 0.
54.838 2 BMP_STATUS 333023 30923 100246 262
54.873 2 DOWNLINK_STATUS 174890 509358 17232 273 0. 0. -19139.31
55.023 2 IMU_MAG_RAW -496 -92 -319
55.126 2 DOWNLINK_STATUS 55 315 18 244 22. 1. -34998.19
55.224 2 DL_VALUE 12 100.
55.229 2 ROTORCRAFT_NAV_STATUS 41 41 2 0 0
55.623 2 PONG 
55.873 2 DOWNLINK_STATUS 174891 509395 17235 283 37. 3. 878.13
56.126 2 DOWNLINK_STATUS 56 326 19 246 11. 1. -39998.78
56.479 2 BMP_STATUS 333034 30927 100253 262
56.815 2 ROTORCRAFT_NAV_STATUS 43 43 2 0 0
56.874 2 DOWNLINK_STATUS 174892 509408 17236 292 13. 1. 878.13
57.126 2 DOWNLINK_STATUS 57 348 20 250 22. 1. -39998.78
57.407 2 ROTORCRAFT_STATUS 0 0 2 0 0 1 0 0 0 0 89 65
57.573 2 BMP_STATUS 333033 30927 100253 262
57.874 2 DOWNLINK_STATUS 174893 509453 17238 297 45. 2. 878.13
58.001 2 ALIVE 230,255,253,70,117,30,49,225,133,242,236,182,32,32,255,69
58.126 2 DOWNLINK_STATUS 58 348 20 250 0. 0. -39998.78
58.305 2 INS 52 -452 2026 111248 -959120 157047 77 -1009 149
58.875 2 DOWNLINK_STATUS 174894 509476 17239 298 23. 1. 878.13
59.127 2 DOWNLINK_STATUS 59 390 21 257 42. 1. -39998.78
59.455 2 GPS_INT 0 0 0 0 0 0 0 0 0 0 0 0 0 0 0 0
59.487 2 BMP_STATUS 333055 30935 100277 262
59.749 2 PONG 
59.876 2 DOWNLINK_STATUS 174895 509566 17242 307 90. 3. 5.13
60.127 2 DOWNLINK_STATUS 60 390 21 257 0. 0. -39998.78
60.580 2 BMP_STATUS 333050 30936 100275 262
60.608 2 PONG 
60.876 2 DOWNLINK_STATUS 174896 509572 17243 312 6. 1. 863.2
60.991 2 WIND_INFO 2 42 0. 0. 0.
60.995 2 IMU_MAG_RAW -493 -94 -321
61.127 2 BMP_STATUS 333051 30940 100283 263
61.128 2 DOWNLINK_STATUS 61 412 22 266 22. 1. -44999.38
61.603 2 WP_MOVED_ENU 4 -204 -204 -2688
61.877 2 DOWNLINK_STATUS 174897 509631 17246 318 59. 3. 863.2
62.128 2 DOWNLINK_STATUS 62 412 22 266 0. 0. -44999.38
62.221 2 BMP_STATUS 333091 30940 100297 263
62.494 2 BMP_STATUS 333078 30943 100296 263
62.877 2 DOWNLINK_STATUS 174898 509653 17247 321 22. 1. 863.2
63.129 2 DOWNLINK_STATUS 63 434 23 271 22. 1. -44999.38
63.379 2 ROTORCRAFT_STATUS 0 0 2 0 0 1 0 0 0 0 89 71
63.861 2 BMP_STATUS 333070 30946 100302 263
63.878 2 DOWNLINK_STATUS 174899 509676 17248 325 23. 1. 863.2
64.129 2 DOWNLINK_STATUS 64 456 24 277 22. 1. -44999.38
64.281 2 INS 52 -452 2386 111248 -959120 236326 77 -1009 167
64.585 2 ROTORCRAFT_FP -452 52 -2413 -959120 111248 -247611 -3962 1109 -3804 0 0 0 0 0 0
64.645 2 WIND_INFO 2 42 0. 0. 0.
64.684 2 GPS_INT 0 0 0 0 0 0 0 0 0 0 0 0 0 0 0 0
64.689 2 BMP_STATUS 333072 30950 100306 263
64.750 2 PONG 
64.778 2 INS 52 -452 2406 111248 -959120 214102 77 -1009 162
64.782 2 ROTORCRAFT_NAV_STATUS 51 51 2 0 0
64.878 2 DOWNLINK_STATUS 174900 509740 17249 332 64. 1. -4137.25
65.130 2 DOWNLINK_STATUS 65 643 30 280 187. 6. 4147.64
65.608 2 PONG 
65.879 2 DOWNLINK_STATUS 174901 509740 17249 332 0. 0. -4137.25
66.130 2 DOWNLINK_STATUS 66 649 31 285 6. 1. 5.13
66.333 2 BMP_STATUS 333109 30954 100334 263
66.365 2 ROTORCRAFT_NAV_STATUS 53 53 2 0 0
66.578 2 ROTORCRAFT_FP -452 52 -2574 -959120 111248 -300947 -3964 1112 -3809 0 0 0 0 0 0
66.879 2 DOWNLINK_STATUS 174902 509804 17250 339 64. 1. -4137.25
67.131 2 DOWNLINK_STATUS 67 684 33 288 35. 2. 5.13
67.672 2 GPS_INT 0 0 0 0 0 0 0 0 0 0 0 0 0 0 0 0
67.689 2 BMP_STATUS 333097 30956 100333 263
67.880 2 DOWNLINK_STATUS 174903 509804 17250 339 0. 0. -4137.25
67.958 2 ROTORCRAFT_NAV_STATUS 54 54 2 0 0
68.131 2 DOWNLINK_STATUS 68 768 35 294 84. 2. 5.13
68.177 2 ROTORCRAFT_STATUS 0 0 2 0 0 1 0 0 0 0 88 75
68.356 2 DL_VALUE 24 100.
68.880 2 DOWNLINK_STATUS 174904 509851 17253 345 47. 3. -4137.25
69.057 2 BMP_STATUS 333112 30962 100346 264
69.132 2 DOWNLINK_STATUS 69 768 35 294 0. 0. 5.13
69.568 2 ROTORCRAFT_NAV_STATUS 56 56 2 0 0
69.758 2 INS 52 -452 2783 111248 -959120 297955 77 -1009 150
69.760 2 PONG 
69.881 2 DOWNLINK_STATUS 174905 509873 17254 348 22. 1. -9138.29
70.133 2 DOWNLINK_STATUS 70 829 38 304 61. 3. 4156.58
70.256 2 INS 52 -452 2790 111248 -959120 236477 77 -1009 135
70.506 2 INS 52 -452 2792 111248 -959120 212653 77 -1009 132
70.564 2 DL_VALUE 26 800.
70.665 2 WP_MOVED_ENU 1 -51 -153 -2688
70.754 2 INS 52 -452 2829 111248 -959120 247188 77 -1009 179
70.881 2 DOWNLINK_STATUS 174906 510029 17259 354 156. 5. -9138.29
70.990 2 WIND_INFO 2 42 0. 0. 0.
71.133 2 DOWNLINK_STATUS 71 829 38 304 0. 0. -844.03
71.660 2 DL_VALUE 27 600.
71.882 2 DOWNLINK_STATUS 174907 510040 17260 357 11. 1. -9138.29
72.134 2 DOWNLINK_STATUS 72 829 38 304 0. 0. -844.03
72.403 2 GPS_INT 0 0 0 0 0 0 0 0 0 0 0 0 0 0 0 0
72.750 2 DL_VALUE 28 100.
72.802 2 ROTORCRAFT_FP -452 52 -2907 -959120 111248 -206641 -3969 1116 -3807 0 0 0 0 0 0
72.884 2 DOWNLINK_STATUS 174908 510051 17261 360 11. 1. -9138.29
73.134 2 DOWNLINK_STATUS 73 955 40 318 126. 2. -844.03
73.884 2 DOWNLINK_STATUS 174909 510051 17261 360 0. 0. -9138.29
74.135 2 DOWNLINK_STATUS 74 955 40 318 0. 0. -844.03
74.695 2 WIND_INFO 2 42 0. 0. 0.
74.885 2 DOWNLINK_STATUS 174910 510051 17261 360 0. 0. -14138.43
74.930 2 DL_VALUE 30 800.
75.135 2 DOWNLINK_STATUS 75 955 40 318 0. 0. -844.03
75.609 2 PONG 
75.884 2 DOWNLINK_STATUS 174911 510062 17262 374 11. 1. -14138.43
75.889 2 GPS_INT 0 0 0 0 0 0 0 0 0 0 0 0 0 0 0 0
75.895 2 BMP_STATUS 333131 30982 100388 265
76.047 2 DL_VALUE 31 600.
76.135 2 DOWNLINK_STATUS 76 972 42 333 17. 2. 4.92
76.438 2 BMP_STATUS 333146 30983 100394 265
76.884 2 DOWNLINK_STATUS 174912 510146 17264 381 84. 2. -14138.43
76.980 2 INS 52 -452 3156 111248 -959120 217535 77 -1009 117
77.135 2 DOWNLINK_STATUS 77 994 43 335 22. 1. 4.92
77.136 2 DL_VALUE 32 10.
77.732 2 ROTORCRAFT_STATUS 0 0 2 0 0 1 0 0 0 0 89 85
77.884 2 DOWNLINK_STATUS 174913 510188 17265 384 42. 1. -14138.43
78.031 2 ROTORCRAFT_FP -452 52 -3158 -959120 111248 -157663 -3971 1114 -3802 0 0 0 0 0 0
78.135 2 DOWNLINK_STATUS 78 1028 45 341 34. 2. 4.92
78.635 2 BMP_STATUS 333153 30989 100408 265
78.885 2 DOWNLINK_STATUS 174914 510252 17266 387 64. 1. -14138.43
79.136 2 DOWNLINK_STATUS 79 1050 46 344 22. 1. 4.92
79.723 2 WP_MOVED_ENU 8 256 0 -1536
79.886 2 DOWNLINK_STATUS 174915 510252 17266 387 0. 0. -19139.46
80.137 2 DOWNLINK_STATUS 80 1069 47 348 19. 1. 4.92
80.622 2 PONG 
80.887 2 DOWNLINK_STATUS 174916 510258 17267 398 6. 1. 874.69
80.991 2 WIND_INFO 2 42 0. 0. 0.
81.019 2 ROTORCRAFT_FP -452 52 -3287 -959120 111248 -144877 -3970 1114 -3801 0 0 0 0 0 0
81.087 2 BMP_STATUS 333158 30994 100417 266
81.138 2 DOWNLINK_STATUS 81 1069 47 348 0. 0. -4995.54
81.373 2 BMP_STATUS 333183 30993 100423 266
81.888 2 DOWNLINK_STATUS 174917 510344 17269 399 86. 2. 874.69
82.138 2 DOWNLINK_STATUS 82 1091 48 354 22. 1. -4995.54
82.889 2 DOWNLINK_STATUS 174918 510344 17269 399 0. 0. 874.69
83.138 2 DOWNLINK_STATUS 83 1091 48 354 0. 0. -4995.54
83.890 2 DOWNLINK_STATUS 174919 510344 17269 399 0. 0. 874.69
84.139 2 DOWNLINK_STATUS 84 1091 48 354 0. 0. -4995.54
84.756 2 PONG 
84.886 2 WIND_INFO 2 42 0. 0. 0.
84.892 2 ROTORCRAFT_STATUS 0 0 2 0 0 1 0 0 0 0 89 92
84.897 2 WP_MOVED_ENU 2 0 0 -2688
84.902 2 IMU_MAG_RAW -493 -92 -318
84.914 2 BMP_STATUS 333190 31004 100448 266
84.947 2 INS 52 -452 3540 111248 -959120 204684 77 -1009 109
85.003 2 ROTORCRAFT_FP -452 52 -3545 -959120 111248 -207617 -3966 1116 -3795 0 0 0 0 0 0
85.102 2 GPS_INT 0 0 0 0 0 0 0 0 0 0 0 0 0 0 0 0
85.139 2 DOWNLINK_STATUS 85 1341 55 376 250. 7. -4995.54
85.187 2 BMP_STATUS 333185 31004 100447 266
85.198 2 INS 52 -452 3544 111248 -959120 181884 77 -1009 85
85.204 2 ALIVE 230,255,253,70,117,30,49,225,133,242,236,182,32,32,255,69
85.252 2 ROTORCRAFT_FP -452 52 -3548 -959120 111248 -184899 -3966 1117 -3797 0 0 0 0 0 0
85.351 2 GPS_INT 0 0 0 0 0 0 0 0 0 0 0 0 0 0 0 0
85.446 2 INS 52 -452 3567 111248 -959120 196562 77 -1009 96
85.461 2 BMP_STATUS 333183 31006 100449 267
85.501 2 ROTORCRAFT_FP -452 52 -3554 -959120 111248 -170358 -3965 1117 -3796 0 0 0 0 0 0
85.504 2 ROTORCRAFT_NAV_STATUS 72 72 2 0 0
85.600 2 GPS_INT 0 0 0 0 0 0 0 0 0 0 0 0 0 0 0 0
85.610 2 PONG 
85.694 2 INS 52 -452 3571 111248 -959120 183196 77 -1009 143
85.734 2 BMP_STATUS 333197 31006 100455 267
85.751 2 ROTORCRAFT_FP -452 52 -3574 -959120 111248 -183464 -3965 1117 -3796 0 0 0 0 0 0
85.849 2 GPS_INT 0 0 0 0 0 0 0 0 0 0 0 0 0 0 0 0
85.885 2 DL_VALUE 40 0.
85.943 2 INS 52 -452 3592 111248 -959120 195395 77 -1009 127
86.000 2 ROTORCRAFT_FP -452 52 -3597 -959120 111248 -197970 -3965 1116 -3796 0 0 0 0 0 0
86.008 2 BMP_STATUS 333183 31009 100454 267
86.098 2 GPS_INT 0 0 0 0 0 0 0 0 0 0 0 0 0 0 0 0
86.103 2 ROTORCRAFT_STATUS 0 0 2 0 0 1 0 0 0 0 89 93
86.139 2 DOWNLINK_STATUS 86 2177 76 376 836. 21. 5.41
86.192 2 INS 52 -452 3602 111248 -959120 187728 77 -1009 121
86.197 2 WP_MOVED_ENU 3 -1459 -1177 -2688
86.248 2 ROTORCRAFT_FP -452 52 -3606 -959120 111248 -190649 -3965 1116 -3795 0 0 0 0 0 0
86.281 2 BMP_STATUS 333188 31005 100451 266
86.347 2 GPS_INT 0 0 0 0 0 0 0 0 0 0 0 0 0 0 0 0
86.441 2 INS 52 -452 3595 111248 -959120 157838 77 -1009 99
86.497 2 ROTORCRAFT_FP -452 52 -3599 -959120 111248 -160695 -3965 1117 -3797 0 0 0 0 0 0
86.555 2 BMP_STATUS 333191 31008 100453 267
86.596 2 GPS_INT 0 0 0 0 0 0 0 0 0 0 0 0 0 0 0 0
86.691 2 INS 52 -452 3595 111248 -959120 141693 77 -1009 115
86.746 2 ROTORCRAFT_FP -452 52 -3599 -959120 111248 -145028 -3964 1116 -3797 0 0 0 0 0 0
86.827 2 BMP_STATUS 333193 31007 100454 267
86.845 2 GPS_INT 0 0 0 0 0 0 0 0 0 0 0 0 0 0 0 0
86.939 2 INS 52 -452 3596 111248 -959120 130368 77 -1009 116
86.995 2 ROTORCRAFT_FP -452 52 -3600 -959120 111248 -133416 -3964 1116 -3796 0 0 0 0 0 0
86.998 2 DL_VALUE 41 0.
87.094 2 GPS_INT 0 0 0 0 0 0 0 0 0 0 0 0 0 0 0 0
87.097 2 ROTORCRAFT_NAV_STATUS 73 73 2 0 0
87.103 2 BMP_STATUS 333186 31009 100455 267
87.140 2 DOWNLINK_STATUS 87 2980 95 376 803. 19. 5.41
87.188 2 INS 52 -452 3599 111248 -959120 122341 77 -1009 89
87.244 2 ROTORCRAFT_FP -452 52 -3602 -959120 111248 -125056 -3963 1116 -3797 0 0 0 0 0 0
87.283 2 ROTORCRAFT_STATUS 0 0 2 0 0 1 0 0 0 0 89 94
87.289 2 ALIVE 230,255,253,70,117,30,49,225,133,242,236,182,32,32,255,69
87.343 2 GPS_INT 0 0 0 0 0 0 0 0 0 0 0 0 0 0 0 0
87.374 2 BMP_STATUS 333189 31010 100460 267
87.437 2 INS 52 -452 3615 111248 -959120 137026 77 -1009 101
87.493 2 ROTORCRAFT_FP -452 52 -3618 -959120 111248 -139977 -3963 1116 -3796 0 0 0 0 0 0
87.498 2 WP_MOVED_ENU 4 -204 -204 -2688
87.592 2 GPS_INT 0 0 0 0 0 0 0 0 0 0 0 0 0 0 0 0
87.648 2 BMP_STATUS 333216 31010 100470 267
87.686 2 INS 52 -452 3657 111248 -959120 190492 77 -1009 103
87.742 2 ROTORCRAFT_FP -452 52 -3661 -959120 111248 -193418 -3962 1116 -3795 0 0 0 0 0 0
87.841 2 GPS_INT 0 0 0 0 0 0 0 0 0 0 0 0 0 0 0 0
87.887 2 IMU_MAG_RAW -493 -96 -314
87.921 2 BMP_STATUS 333211 31009 100464 267
87.935 2 INS 52 -452 3668 111248 -959120 183279 77 -1009 90
87.991 2 ROTORCRAFT_FP -452 52 -3672 -959120 111248 -185764 -3963 1116 -3795 0 0 0 0 0 0
88.090 2 GPS_INT 0 0 0 0 0 0 0 0 0 0 0 0 0 0 0 0
88.093 2 DL_VALUE 42 0.
88.141 2 DOWNLINK_STATUS 88 3812 115 376 832. 20. 5.41
88.184 2 INS 52 -452 3691 111248 -959120 197114 77 -1009 123
88.195 2 BMP_STATUS 333200 31009 100460 267
88.240 2 ROTORCRAFT_FP -452 52 -3665 -959120 111248 -150761 -3962 1116 -3794 0 0 0 0 0 0
88.338 2 GPS_INT 0 0 0 0 0 0 0 0 0 0 0 0 0 0 0 0
88.433 2 INS 52 -452 3681 111248 -959120 162508 77 -1009 124
88.468 2 BMP_STATUS 333204 31011 100465 267
88.489 2 ROTORCRAFT_FP -452 52 -3673 -959120 111248 -145992 -3962 1116 -3791 0 0 0 0 0 0
88.495 2 ROTORCRAFT_STATUS 0 0 2 0 0 1 0 0 0 0 89 96
88.590 2 GPS_INT 0 0 0 0 0 0 0 0 0 0 0 0 0 0 0 0
88.683 2 INS 52 -452 3688 111248 -959120 156392 77 -1009 99
88.686 2 ROTORCRAFT_NAV_STATUS 75 75 2 0 0
88.740 2 ROTORCRAFT_FP -452 52 -3692 -959120 111248 -159185 -3961 1116 -3792 0 0 0 0 0 0
88.744 2 BMP_STATUS 333187 31010 100459 267
88.776 2 WP_MOVED_ENU 5 -204 -204 -2688
88.837 2 GPS_INT 0 0 0 0 0 0 0 0 0 0 0 0 0 0 0 0
88.931 2 INS 52 -452 3670 111248 -959120 115598 77 -1009 93
88.987 2 ROTORCRAFT_FP -452 52 -3673 -959120 111248 -118056 -3961 1116 -3793 0 0 0 0 0 0
89.015 2 BMP_STATUS 333210 31012 100467 267
89.087 2 GPS_INT 0 0 0 0 0 0 0 0 0 0 0 0 0 0 0 0
89.141 2 DOWNLINK_STATUS 89 4627 134 376 815. 19. 5.41
89.180 2 INS 52 -452 3683 111248 -959120 126129 77 -1009 88
89.183 2 DL_VALUE 43 1.
89.236 2 ROTORCRAFT_FP -452 52 -3686 -959120 111248 -128989 -3962 1116 -3792 0 0 0 0 0 0
89.289 2 BMP_STATUS 333202 31012 100465 267
89.335 2 GPS_INT 0 0 0 0 0 0 0 0 0 0 0 0 0 0 0 0
89.374 2 ALIVE 230,255,253,70,117,30,49,225,133,242,236,182,32,32,255,69
89.429 2 INS 52 -452 3684 111248 -959120 117514 77 -1009 136
89.485 2 ROTORCRAFT_FP -452 52 -3687 -959120 111248 -120306 -3962 1116 -3793 0 0 0 0 0 0
89.566 2 BMP_STATUS 333191 31012 100460 267
89.583 2 GPS_INT 0 0 0 0 0 0 0 0 0 0 0 0 0 0 0 0
89.678 2 INS 52 -452 3667 111248 -959120 81797 77 -1009 117
89.684 2 ROTORCRAFT_STATUS 0 0 2 0 0 1 0 0 0 0 89 97
89.734 2 ROTORCRAFT_FP -452 52 -3669 -959120 111248 -84509 -3962 1116 -3793 0 0 0 0 0 0
89.832 2 GPS_INT 0 0 0 0 0 0 0 0 0 0 0 0 0 0 0 0
89.838 2 BMP_STATUS 333190 31014 100465 267
89.927 2 INS 52 -452 3669 111248 -959120 82821 77 -1009 103
89.983 2 ROTORCRAFT_FP -452 52 -3671 -959120 111248 -85410 -3964 1115 -3793 0 0 0 0 0 0
90.082 2 GPS_INT 0 0 0 0 0 0 0 0 0 0 0 0 0 0 0 0
90.086 2 WP_MOVED_ENU 6 -230 -230 -2688
90.108 2 BMP_STATUS 333207 31014 100471 267
90.141 2 DOWNLINK_STATUS 90 5463 154 376 836. 20. 5.41
90.176 2 INS 52 -452 3690 111248 -959120 112014 77 -1009 57
90.232 2 ROTORCRAFT_FP -452 52 -3693 -959120 111248 -115107 -3964 1115 -3793 0 0 0 0 0 0
90.268 2 DL_VALUE 44 1.
90.271 2 ROTORCRAFT_NAV_STATUS 76 76 2 0 0
90.330 2 GPS_INT 0 0 0 0 0 0 0 0 0 0 0 0 0 0 0 0
90.382 2 BMP_STATUS 333197 31014 100467 267
90.425 2 INS 52 -452 3692 111248 -959120 105789 77 -1009 104
90.481 2 ROTORCRAFT_FP -452 52 -3695 -959120 111248 -108706 -3964 1115 -3792 0 0 0 0 0 0
90.579 2 GPS_INT 0 0 0 0 0 0 0 0 0 0 0 0 0 0 0 0
90.611 2 PONG 
90.655 2 BMP_STATUS 333203 31015 100473 267
90.675 2 INS 52 -452 3711 111248 -959120 128501 77 -1009 83
90.730 2 ROTORCRAFT_FP -452 52 -3714 -959120 111248 -131150 -3962 1114 -3792 0 0 0 0 0 0
90.828 2 GPS_INT 0 0 0 0 0 0 0 0 0 0 0 0 0 0 0 0
90.868 2 ROTORCRAFT_STATUS 0 0 2 0 0 1 0 0 0 0 89 98
90.875 2 IMU_MAG_RAW -498 -95 -319
90.923 2 INS 52 -452 3727 111248 -959120 142329 77 -1009 93
90.929 2 BMP_STATUS 333212 31017 100476 267
90.979 2 ROTORCRAFT_FP -452 52 -3737 -959120 111248 -154953 -3962 1114 -3792 0 0 0 0 0 0
90.986 2 I2C_ERRORS 61464 58783 61464 58783 61464 58783 61464 58783 -442503144 0
90.991 2 WIND_INFO 2 42 0. 0. 0.
91.077 2 GPS_INT 0 0 0 0 0 0 0 0 0 0 0 0 0 0 0 0
91.142 2 DOWNLINK_STATUS 91 6299 175 376 836. 21. 6.01
91.172 2 INS 52 -452 3752 111248 -959120 166084 77 -1009 109
91.203 2 BMP_STATUS 333210 31016 100476 267
91.228 2 ROTORCRAFT_FP -452 52 -3752 -959120 111248 -161652 -3962 1114 -3793 0 0 0 0 0 0
91.327 2 GPS_INT 0 0 0 0 0 0 0 0 0 0 0 0 0 0 0 0
91.363 2 DL_VALUE 0 0.
91.369 2 WP_MOVED_ENU 7 0 256 -2304
91.421 2 INS 52 -452 3768 111248 -959120 173356 77 -1009 100
91.477 2 ROTORCRAFT_FP -452 52 -3773 -959120 111248 -176106 -3961 1114 -3794 0 0 0 0 0 0
91.483 2 ALIVE 230,255,253,70,117,30,49,225,133,242,236,182,32,32,255,69
91.489 2 BMP_STATUS 333210 31016 100476 267
91.575 2 GPS_INT 0 0 0 0 0 0 0 0 0 0 0 0 0 0 0 0
91.670 2 INS 52 -452 3778 111248 -959120 169266 77 -1009 135
91.726 2 ROTORCRAFT_FP -452 52 -3782 -959120 111248 -172031 -3962 1114 -3793 0 0 0 0 0 0
91.749 2 BMP_STATUS 333213 31017 100477 267
91.824 2 GPS_INT 0 0 0 0 0 0 0 0 0 0 0 0 0 0 0 0
91.862 2 ROTORCRAFT_NAV_STATUS 78 78 2 0 0
91.919 2 INS 52 -452 3785 111248 -959120 163088 77 -1009 66
91.975 2 ROTORCRAFT_FP -452 52 -3789 -959120 111248 -165839 -3962 1114 -3794 0 0 0 0 0 0
92.023 2 BMP_STATUS 333196 31018 100474 267
92.074 2 GPS_INT 0 0 0 0 0 0 0 0 0 0 0 0 0 0 0 0
92.080 2 ROTORCRAFT_STATUS 0 0 2 0 0 1 0 0 0 0 89 99
92.084 2 UART_ERRORS 0 0 0 1
92.142 2 DOWNLINK_STATUS 92 7161 197 376 862. 22. 6.01
92.168 2 INS 52 -452 3779 111248 -959120 135850 77 -1009 75
92.224 2 ROTORCRAFT_FP -452 52 -3782 -959120 111248 -138414 -3962 1114 -3794 0 0 0 0 0 0
92.296 2 BMP_STATUS 333210 31019 100479 267
92.322 2 GPS_INT 0 0 0 0 0 0 0 0 0 0 0 0 0 0 0 0
92.417 2 INS 52 -452 3789 111248 -959120 137129 77 -1009 78
92.473 2 ROTORCRAFT_FP -452 52 -3792 -959120 111248 -139899 -3962 1114 -3794 0 0 0 0 0 0
92.476 2 DL_VALUE 1 11.
92.573 2 GPS_INT 0 0 0 0 0 0 0 0 0 0 0 0 0 0 0 0
92.579 2 BMP_STATUS 333212 31019 100480 267
92.666 2 INS 52 -452 3797 111248 -959120 137067 77 -1009 53
92.671 2 WP_MOVED_ENU 8 256 0 -1536
92.722 2 ROTORCRAFT_FP -452 52 -3800 -959120 111248 -139254 -3961 1115 -3794 0 0 0 0 0 0
92.820 2 GPS_INT 0 0 0 0 0 0 0 0 0 0 0 0 0 0 0 0
92.842 2 BMP_STATUS 333209 31019 100479 267
92.915 2 INS 52 -452 3799 111248 -959120 124315 77 -1009 108
92.971 2 ROTORCRAFT_FP -452 52 -3802 -959120 111248 -126959 -3962 1114 -3794 0 0 0 0 0 0
93.072 2 GPS_INT 0 0 0 0 0 0 0 0 0 0 0 0 0 0 0 0
93.116 2 BMP_STATUS 333227 31019 100485 267
93.143 2 DOWNLINK_STATUS 93 7951 215 376 790. 18. 6.01
93.164 2 INS 52 -452 3817 111248 -959120 141700 77 -1009 93
93.220 2 ROTORCRAFT_FP -452 52 -3820 -959120 111248 -144720 -3962 1115 -3794 0 0 0 0 0 0
93.259 2 ROTORCRAFT_STATUS 0 0 2 0 0 1 0 0 0 0 88 100
93.319 2 GPS_INT 0 0 0 0 0 0 0 0 0 0 0 0 0 0 0 0
93.390 2 BMP_STATUS 333205 31020 100481 267
93.413 2 INS 52 -452 3817 111248 -959120 125983 77 -1009 109
93.469 2 ROTORCRAFT_FP -452 52 -3820 -959120 111248 -128303 -3962 1114 -3795 0 0 0 0 0 0
93.472 2 ROTORCRAFT_NAV_STATUS 80 80 2 0 0
93.571 2 GPS_INT 0 0 0 0 0 0 0 0 0 0 0 0 0 0 0 0
93.571 2 DL_VALUE 2 1.
93.577 2 ALIVE 230,255,253,70,117,30,49,225,133,242,236,182,32,32,255,69
93.662 2 INS 52 -452 3833 111248 -959120 139679 77 -1009 133
93.668 2 BMP_STATUS 333215 31023 100488 268
93.718 2 ROTORCRAFT_FP -452 52 -3840 -959120 111248 -148171 -3962 1113 -3794 0 0 0 0 0 0
93.816 2 GPS_INT 0 0 0 0 0 0 0 0 0 0 0 0 0 0 0 0
93.863 2 IMU_MAG_RAW -489 -96 -319
93.911 2 INS 52 -452 3855 111248 -959120 158559 77 -1009 102
93.937 2 BMP_STATUS 333224 31020 100488 267
93.967 2 ROTORCRAFT_FP -452 52 -3853 -959120 111248 -152572 -3962 1113 -3793 0 0 0 0 0 0
93.972 2 WP_MOVED_ENU 9 256 256 -768
94.065 2 GPS_INT 0 0 0 0 0 0 0 0 0 0 0 0 0 0 0 0
94.143 2 DOWNLINK_STATUS 94 8796 236 376 845. 21. 6.01
94.160 2 INS 52 -452 3869 111248 -959120 163118 77 -1009 91
94.216 2 ROTORCRAFT_FP -452 52 -3873 -959120 111248 -165635 -3962 1112 -3793 0 0 0 0 0 0
94.222 2 BMP_STATUS 333220 31022 100490 267
94.314 2 GPS_INT 0 0 0 0 0 0 0 0 0 0 0 0 0 0 0 0
94.409 2 INS 52 -452 3883 111248 -959120 166947 77 -1009 102
94.465 2 ROTORCRAFT_FP -452 52 -3887 -959120 111248 -169593 -3962 1112 -3793 0 0 0 0 0 0
94.471 2 ROTORCRAFT_STATUS 0 0 2 0 0 1 0 0 0 0 89 102
94.484 2 BMP_STATUS 333217 31024 100493 268
94.564 2 GPS_INT 0 0 0 0 0 0 0 0 0 0 0 0 0 0 0 0
94.658 2 INS 52 -452 3902 111248 -959120 176038 77 -1009 102
94.661 2 DL_VALUE 3 0.
94.714 2 ROTORCRAFT_FP -452 52 -3906 -959120 111248 -178531 -3962 1112 -3795 0 0 0 0 0 0
94.757 2 BMP_STATUS 333236 31027 100504 268
94.812 2 GPS_INT 0 0 0 0 0 0 0 0 0 0 0 0 0 0 0 0
94.907 2 INS 52 -452 3950 111248 -959120 227547 77 -1009 87
94.963 2 ROTORCRAFT_FP -452 52 -3955 -959120 111248 -230117 -3962 1111 -3795 0 0 0 0 0 0
94.999 2 WIND_INFO 2 42 0. 0. 0.
95.030 2 BMP_STATUS 333216 31024 100492 268
95.037 2 I2C_ERRORS 61464 58783 61464 58783 61464 58783 61464 58783 -442503144 1
95.061 2 GPS_INT 0 0 0 0 0 0 0 0 0 0 0 0 0 0 0 0
95.065 2 ROTORCRAFT_NAV_STATUS 81 81 2 0 0
95.144 2 DOWNLINK_STATUS 95 9630 256 376 834. 20. 6.01
95.156 2 INS 52 -452 3942 111248 -959120 186828 77 -1009 69
95.212 2 ROTORCRAFT_FP -452 52 -3947 -959120 111248 -189470 -3962 1111 -3794 0 0 0 0 0 0
95.250 2 WP_MOVED_ENU 0 10752 10752 -3072
95.310 2 GPS_INT 0 0 0 0 0 0 0 0 0 0 0 0 0 0 0 0
95.316 2 BMP_STATUS 333225 31026 100496 268
95.405 2 INS 52 -452 3947 111248 -959120 170887 77 -1009 136
95.461 2 ROTORCRAFT_FP -452 52 -3951 -959120 111248 -173615 -3963 1110 -3793 0 0 0 0 0 0
95.559 2 GPS_INT 0 0 0 0 0 0 0 0 0 0 0 0 0 0 0 0
95.577 2 BMP_STATUS 333243 31025 100502 268
95.610 2 PONG 
95.654 2 INS 52 -452 3967 111248 -959120 181261 77 -1009 95
95.660 2 ROTORCRAFT_STATUS 0 0 2 0 0 1 0 0 0 0 88 103
95.666 2 ALIVE 230,255,253,70,117,30,49,225,133,242,236,182,32,32,255,69
95.710 2 ROTORCRAFT_FP -452 52 -3971 -959120 111248 -183889 -3963 1109 -3792 0 0 0 0 0 0
95.746 2 DL_VALUE 4 100.
95.809 2 GPS_INT 0 0 0 0 0 0 0 0 0 0 0 0 0 0 0 0
95.850 2 BMP_STATUS 333249 31024 100504 268
95.903 2 INS 52 -452 3985 111248 -959120 187493 77 -1009 132
95.959 2 ROTORCRAFT_FP -452 52 -3990 -959120 111248 -190043 -3963 1108 -3792 0 0 0 0 0 0
96.057 2 GPS_INT 0 0 0 0 0 0 0 0 0 0 0 0 0 0 0 0
96.124 2 BMP_STATUS 333220 31028 100498 268
96.145 2 DOWNLINK_STATUS 96 10472 277 376 842. 21. 5.22
96.152 2 INS 52 -452 3978 111248 -959120 150566 77 -1009 94
96.208 2 ROTORCRAFT_FP -452 52 -3982 -959120 111248 -152911 -3964 1108 -3792 0 0 0 0 0 0
96.307 2 GPS_INT 0 0 0 0 0 0 0 0 0 0 0 0 0 0 0 0
96.401 2 INS 52 -452 3998 111248 -959120 164051 77 -1009 88
96.407 2 BMP_STATUS 333248 31028 100508 268
96.457 2 ROTORCRAFT_FP -452 52 -4005 -959120 111248 -172304 -3965 1107 -3791 0 0 0 0 0 0
96.556 2 GPS_INT 0 0 0 0 0 0 0 0 0 0 0 0 0 0 0 0
96.560 2 WP_MOVED_ENU 1 -51 -153 -2688
96.650 2 INS 52 -452 4022 111248 -959120 182308 77 -1009 135
96.654 2 ROTORCRAFT_NAV_STATUS 83 83 2 0 0
96.671 2 BMP_STATUS 333223 31029 100499 268
96.706 2 ROTORCRAFT_FP -452 52 -3992 -959120 111248 -128827 -3963 1107 -3791 0 0 0 0 0 0
96.804 2 GPS_INT 0 0 0 0 0 0 0 0 0 0 0 0 0 0 0 0
96.841 2 DL_VALUE 5 200.
96.847 2 ROTORCRAFT_STATUS 0 0 2 0 0 1 0 0 0 0 88 104
96.852 2 IMU_MAG_RAW -490 -97 -321
96.899 2 INS 52 -452 4006 111248 -959120 139855 77 -1009 63
96.944 2 BMP_STATUS 333263 31028 100514 268
96.961 2 ROTORCRAFT_FP -452 52 -4009 -959120 111248 -142297 -3963 1107 -3791 0 0 0 0 0 0
97.055 2 GPS_INT 0 0 0 0 0 0 0 0 0 0 0 0 0 0 0 0
97.146 2 DOWNLINK_STATUS 97 11294 297 376 822. 20. 5.22
97.148 2 INS 52 -452 4043 111248 -959120 181632 77 -1009 99
97.204 2 ROTORCRAFT_FP -452 52 -4048 -959120 111248 -184411 -3965 1107 -3790 0 0 0 0 0 0
97.218 2 BMP_STATUS 333251 31030 100513 268
97.303 2 GPS_INT 0 0 0 0 0 0 0 0 0 0 0 0 0 0 0 0
97.397 2 INS 52 -452 4065 111248 -959120 192921 77 -1009 156
97.453 2 ROTORCRAFT_FP -452 52 -4070 -959120 111248 -195528 -3965 1107 -3790 0 0 0 0 0 0
97.491 2 BMP_STATUS 333240 31030 100509 268
97.553 2 GPS_INT 0 0 0 0 0 0 0 0 0 0 0 0 0 0 0 0
97.647 2 INS 52 -452 4065 111248 -959120 169009 77 -1009 106
97.702 2 ROTORCRAFT_FP -452 52 -4069 -959120 111248 -171882 -3964 1106 -3791 0 0 0 0 0 0
97.741 2 ALIVE 230,255,253,70,117,30,49,225,133,242,236,182,32,32,255,69
97.765 2 BMP_STATUS 333230 31032 100510 268
97.801 2 GPS_INT 0 0 0 0 0 0 0 0 0 0 0 0 0 0 0 0
97.839 2 WP_MOVED_ENU 2 0 0 -2688
97.895 2 INS 52 -452 4066 111248 -959120 150458 77 -1009 90
97.951 2 ROTORCRAFT_FP -452 52 -4069 -959120 111248 -153155 -3964 1106 -3790 0 0 0 0 0 0
97.954 2 DL_VALUE 6 10.
98.038 2 BMP_STATUS 333268 31032 100524 268
98.055 2 GPS_INT 0 0 0 0 0 0 0 0 0 0 0 0 0 0 0 0
98.060 2 ROTORCRAFT_STATUS 0 0 2 0 0 1 0 0 0 0 89 105
98.144 2 INS 52 -452 4109 111248 -959120 201663 77 -1009 133
98.145 2 DOWNLINK_STATUS 98 12172 318 376 878. 21. 5.22
98.200 2 ROTORCRAFT_FP -452 52 -4114 -959120 111248 -204388 -3965 1106 -3791 0 0 0 0 0 0
98.237 2 ROTORCRAFT_NAV_STATUS 84 84 2 0 0
98.299 2 GPS_INT 0 0 0 0 0 0 0 0 0 0 0 0 0 0 0 0
98.311 2 BMP_STATUS 333242 31035 100518 268
98.393 2 INS 52 -452 4120 111248 -959120 192612 77 -1009 94
98.449 2 ROTORCRAFT_FP -452 52 -4125 -959120 111248 -195392 -3965 1106 -3791 0 0 0 0 0 0
98.548 2 GPS_INT 0 0 0 0 0 0 0 0 0 0 0 0 0 0 0 0
98.585 2 BMP_STATUS 333242 31033 100514 268
98.642 2 INS 52 -452 4113 111248 -959120 155470 77 -1009 109
98.698 2 ROTORCRAFT_FP -452 52 -4117 -959120 111248 -158020 -3964 1106 -3791 0 0 0 0 0 0
98.797 2 GPS_INT 0 0 0 0 0 0 0 0 0 0 0 0 0 0 0 0
98.858 2 BMP_STATUS 333248 31036 100524 268
98.891 2 INS 52 -452 4136 111248 -959120 173596 77 -1009 99
98.947 2 ROTORCRAFT_FP -452 52 -4140 -959120 111248 -176192 -3965 1106 -3790 0 0 0 0 0 0
99.046 2 GPS_INT 0 0 0 0 0 0 0 0 0 0 0 0 0 0 0 0
99.048 2 DL_VALUE 7 0.
99.131 2 BMP_STATUS 333278 31035 100531 268
99.142 2 INS 52 -452 4172 111248 -959120 210628 77 -1009 142
99.146 2 DOWNLINK_STATUS 99 12956 336 376 784. 18. 5.22
99.147 2 WP_MOVED_ENU 3 -1459 -1177 -2688
99.196 2 ROTORCRAFT_FP -452 52 -4177 -959120 111248 -213323 -3965 1106 -3791 0 0 0 0 0 0
99.235 2 ROTORCRAFT_STATUS 0 0 2 0 0 1 0 0 0 0 89 106
99.295 2 GPS_INT 0 0 0 0 0 0 0 0 0 0 0 0 0 0 0 0
99.390 2 INS 52 -452 4198 111248 -959120 224104 77 -1009 92
99.405 2 BMP_STATUS 333245 31036 100523 268
99.445 2 ROTORCRAFT_FP -452 52 -4178 -959120 111248 -183843 -3965 1105 -3790 0 0 0 0 0 0
99.544 2 GPS_INT 0 0 0 0 0 0 0 0 0 0 0 0 0 0 0 0
99.639 2 INS 52 -452 4196 111248 -959120 194674 77 -1009 100
99.678 2 BMP_STATUS 333260 31036 100528 268
99.695 2 ROTORCRAFT_FP -452 52 -4190 -959120 111248 -179441 -3964 1105 -3789 0 0 0 0 0 0
99.793 2 GPS_INT 0 0 0 0 0 0 0 0 0 0 0 0 0 0 0 0
99.830 2 ROTORCRAFT_NAV_STATUS 86 86 2 0 0
99.836 2 ALIVE 230,255,253,70,117,30,49,225,133,242,236,182,32,32,255,69
99.840 2 IMU_MAG_RAW -494 -91 -318
99.888 2 INS 52 -452 4208 111248 -959120 190261 77 -1009 111
99.944 2 ROTORCRAFT_FP -452 52 -4213 -959120 111248 -193119 -3964 1105 -3790 0 0 0 0 0 0
99.952 2 BMP_STATUS 333242 31038 100522 268
100.042 2 GPS_INT 0 0 0 0 0 0 0 0 0 0 0 0 0 0 0 0
100.136 2 INS 52 -452 4194 111248 -959120 146846 77 -1009 108
100.139 2 DL_VALUE 8 0.
100.146 2 DOWNLINK_STATUS 100 13801 357 376 845. 21. 5.22
100.192 2 ROTORCRAFT_FP -452 52 -4197 -959120 111248 -149152 -3964 1105 -3791 0 0 0 0 0 0
100.225 2 BMP_STATUS 333251 31036 100525 268
100.291 2 GPS_INT 0 0 0 0 0 0 0 0 0 0 0 0 0 0 0 0
100.385 2 INS 52 -452 4190 111248 -959120 126212 77 -1009 94
100.441 2 ROTORCRAFT_FP -452 52 -4193 -959120 111248 -128448 -3964 1105 -3791 0 0 0 0 0 0
100.447 2 ROTORCRAFT_STATUS 0 0 2 0 0 1 0 0 0 0 89 108
100.452 2 WP_MOVED_ENU 4 -204 -204 -2688
100.499 2 BMP_STATUS 333256 31040 100534 269
100.540 2 GPS_INT 0 0 0 0 0 0 0 0 0 0 0 0 0 0 0 0
100.611 2 PONG 
100.634 2 INS 52 -452 4215 111248 -959120 153464 77 -1009 123
100.691 2 ROTORCRAFT_FP -452 52 -4219 -959120 111248 -156286 -3964 1105 -3790 0 0 0 0 0 0
100.772 2 BMP_STATUS 333278 31041 100542 269
100.788 2 GPS_INT 0 0 0 0 0 0 0 0 0 0 0 0 0 0 0 0
100.884 2 INS 52 -452 4259 111248 -959120 203451 77 -1009 105
100.939 2 ROTORCRAFT_FP -452 52 -4264 -959120 111248 -206082 -3963 1105 -3789 0 0 0 0 0 0
100.991 2 WIND_INFO 2 42 0. 0. 0.
101.038 2 GPS_INT 0 0 0 0 0 0 0 0 0 0 0 0 0 0 0 0
101.046 2 BMP_STATUS 333264 31041 100537 269
101.132 2 INS 52 -452 4273 111248 -959120 198176 77 -1009 69
101.147 2 DOWNLINK_STATUS 101 14609 376 376 808. 19. 5.21
101.190 2 ROTORCRAFT_FP -452 52 -4277 -959120 111248 -200685 -3963 1106 -3788 0 0 0 0 0 0
101.224 2 DL_VALUE 9 0.
101.287 2 GPS_INT 0 0 0 0 0 0 0 0 0 0 0 0 0 0 0 0
101.318 2 BMP_STATUS 333248 31040 100531 269
101.381 2 INS 52 -452 4261 111248 -959120 152240 77 -1009 56
101.437 2 ROTORCRAFT_FP -452 52 -4265 -959120 111248 -154672 -3963 1106 -3789 0 0 0 0 0 0
101.440 2 ROTORCRAFT_NAV_STATUS 88 88 2 0 0
101.536 2 GPS_INT 0 0 0 0 0 0 0 0 0 0 0 0 0 0 0 0
101.593 2 BMP_STATUS 333260 31042 100536 269
101.630 2 INS 52 -452 4265 111248 -959120 140205 77 -1009 73
101.637 2 ROTORCRAFT_STATUS 0 0 2 0 0 1 0 0 0 0 88 109
101.686 2 ROTORCRAFT_FP -452 52 -4269 -959120 111248 -142930 -3962 1107 -3788 0 0 0 0 0 0
101.724 2 WP_MOVED_ENU 5 -204 -204 -2688
101.785 2 GPS_INT 0 0 0 0 0 0 0 0 0 0 0 0 0 0 0 0
101.865 2 BMP_STATUS 333260 31042 100536 269
101.879 2 INS 52 -452 4267 111248 -959120 126066 77 -1009 152
101.935 2 ROTORCRAFT_FP -452 52 -4270 -959120 111248 -128756 -3963 1107 -3789 0 0 0 0 0 0
101.941 2 ALIVE 230,255,253,70,117,30,49,225,133,242,236,182,32,32,255,69
102.034 2 GPS_INT 0 0 0 0 0 0 0 0 0 0 0 0 0 0 0 0
102.128 2 INS 52 -452 4283 111248 -959120 139133 77 -1009 123
102.139 2 BMP_STATUS 333293 31044 100553 269
102.148 2 DOWNLINK_STATUS 102 15458 397 376 849. 21. 5.21
102.187 2 ROTORCRAFT_FP -452 52 -4321 -959120 111248 -199043 -3963 1107 -3790 0 0 0 0 0 0
102.283 2 GPS_INT 0 0 0 0 0 0 0 0 0 0 0 0 0 0 0 0
102.319 2 DL_VALUE 10 1.
102.377 2 INS 52 -452 4341 111248 -959120 208733 77 -1009 115
102.412 2 BMP_STATUS 333271 31044 100545 269
102.433 2 ROTORCRAFT_FP -452 52 -4334 -959120 111248 -190795 -3963 1107 -3792 0 0 0 0 0 0
102.532 2 GPS_INT 0 0 0 0 0 0 0 0 0 0 0 0 0 0 0 0
102.626 2 INS 52 -452 4353 111248 -959120 201003 77 -1009 136
102.683 2 ROTORCRAFT_FP -452 52 -4358 -959120 111248 -203621 -3962 1107 -3793 0 0 0 0 0 0
102.688 2 BMP_STATUS 333261 31046 100545 269
102.781 2 GPS_INT 0 0 0 0 0 0 0 0 0 0 0 0 0 0 0 0
102.820 2 ROTORCRAFT_STATUS 0 0 2 0 0 1 0 0 0 0 89 110
102.827 2 IMU_MAG_RAW -494 -97 -319
102.875 2 INS 52 -452 4358 111248 -959120 184281 77 -1009 141
102.931 2 ROTORCRAFT_FP -452 52 -4363 -959120 111248 -186792 -3962 1107 -3792 0 0 0 0 0 0
102.959 2 BMP_STATUS 333278 31044 100547 269
103.030 2 GPS_INT 0 0 0 0 0 0 0 0 0 0 0 0 0 0 0 0
103.035 2 WP_MOVED_ENU 6 -230 -230 -2688
103.038 2 ROTORCRAFT_NAV_STATUS 89 89 2 0 0
103.124 2 INS 52 -452 4365 111248 -959120 173032 77 -1009 66
103.151 2 DOWNLINK_STATUS 103 16280 417 376 822. 20. 5.21
103.181 2 ROTORCRAFT_FP -452 52 -4370 -959120 111248 -175442 -3962 1108 -3793 0 0 0 0 0 0
103.187 2 I2C_ERRORS 61464 58783 61464 58783 61464 58783 61464 58783 -442503144 0
103.233 2 BMP_STATUS 333259 31047 100544 269
103.279 2 GPS_INT 0 0 0 0 0 0 0 0 0 0 0 0 0 0 0 0
103.373 2 INS 52 -452 4358 111248 -959120 141323 77 -1009 91
103.429 2 ROTORCRAFT_FP -452 52 -4362 -959120 111248 -143899 -3962 1108 -3794 0 0 0 0 0 0
103.432 2 DL_VALUE 11 100.
103.506 2 BMP_STATUS 333272 31048 100553 269
103.529 2 GPS_INT 0 0 0 0 0 0 0 0 0 0 0 0 0 0 0 0
103.622 2 INS 52 -452 4380 111248 -959120 160032 77 -1009 109
103.678 2 ROTORCRAFT_FP -452 52 -4384 -959120 111248 -162656 -3962 1109 -3795 0 0 0 0 0 0
103.777 2 GPS_INT 0 0 0 0 0 0 0 0 0 0 0 0 0 0 0 0
103.783 2 BMP_STATUS 333283 31048 100557 269
103.871 2 INS 52 -452 4407 111248 -959120 183472 77 -1009 69
103.927 2 ROTORCRAFT_FP -452 52 -4411 -959120 111248 -186051 -3962 1109 -3795 0 0 0 0 0 0
104.026 2 GPS_INT 0 0 0 0 0 0 0 0 0 0 0 0 0 0 0 0
104.031 2 ROTORCRAFT_STATUS 0 0 2 0 0 1 0 0 0 0 89 111
104.037 2 ALIVE 230,255,253,70,117,30,49,225,133,242,236,182,32,32,255,69
104.052 2 BMP_STATUS 333281 31049 100556 269
104.120 2 INS 52 -452 4421 111248 -959120 181672 77 -1009 64
104.149 2 DOWNLINK_STATUS 104 17124 437 376 844. 20. 5.21
104.176 2 ROTORCRAFT_FP -452 52 -4426 -959120 111248 -183837 -3963 1109 -3796 0 0 0 0 0 0
104.275 2 GPS_INT 0 0 0 0 0 0 0 0 0 0 0 0 0 0 0 0
104.313 2 WP_MOVED_ENU 7 0 256 -2304
104.326 2 BMP_STATUS 333295 31048 100561 269
104.369 2 INS 52 -452 4445 111248 -959120 194532 77 -1009 74
104.425 2 ROTORCRAFT_FP -452 52 -4450 -959120 111248 -196699 -3963 1110 -3797 0 0 0 0 0 0
104.428 2 UART_ERRORS 0 0 0 1
104.524 2 GPS_INT 0 0 0 0 0 0 0 0 0 0 0 0 0 0 0 0
104.527 2 DL_VALUE 12 100.
104.599 2 BMP_STATUS 333283 31048 100557 269
104.618 2 INS 52 -452 4448 111248 -959120 171261 77 -1009 128
104.622 2 ROTORCRAFT_NAV_STATUS 91 91 2 0 0
104.674 2 ROTORCRAFT_FP -452 52 -4452 -959120 111248 -173441 -3962 1110 -3797 0 0 0 0 0 0
104.773 2 GPS_INT 0 0 0 0 0 0 0 0 0 0 0 0 0 0 0 0
104.867 2 INS 52 -452 4470 111248 -959120 183161 77 -1009 93
104.873 2 BMP_STATUS 333299 31049 100562 269
104.923 2 ROTORCRAFT_FP -452 52 -4467 -959120 111248 -173804 -3962 1111 -3797 0 0 0 0 0 0
105.022 2 GPS_INT 0 0 0 0 0 0 0 0 0 0 0 0 0 0 0 0
105.032 2 WIND_INFO 2 42 0. 0. 0.
105.116 2 INS 52 -452 4484 111248 -959120 183819 77 -1009 107
105.146 2 BMP_STATUS 333307 31050 100566 269
105.150 2 DOWNLINK_STATUS 105 17940 457 376 816. 20. 5.21
105.172 2 ROTORCRAFT_FP -452 52 -4488 -959120 111248 -184273 -3961 1111 -3798 0 0 0 0 0 0
105.211 2 ROTORCRAFT_STATUS 0 0 2 0 0 1 0 0 0 0 88 112
105.271 2 GPS_INT 0 0 0 0 0 0 0 0 0 0 0 0 0 0 0 0
105.365 2 INS 52 -452 4506 111248 -959120 193875 77 -1009 74
105.421 2 ROTORCRAFT_FP -452 52 -4511 -959120 111248 -196540 -3961 1111 -3798 0 0 0 0 0 0
105.427 2 BMP_STATUS 333279 31051 100560 269
105.520 2 GPS_INT 0 0 0 0 0 0 0 0 0 0 0 0 0 0 0 0
105.614 2 INS 52 -452 4498 111248 -959120 159255 77 -1009 99
105.617 2 DL_VALUE 13 0.
105.622 2 WP_MOVED_ENU 8 256 0 -1536
105.624 2 PONG 
105.672 2 ROTORCRAFT_FP -452 52 -4502 -959120 111248 -161764 -3960 1113 -3799 0 0 0 0 0 0
105.693 2 BMP_STATUS 333289 31050 100560 269
105.769 2 GPS_INT 0 0 0 0 0 0 0 0 0 0 0 0 0 0 0 0
105.815 2 IMU_MAG_RAW -495 -95 -320
105.863 2 INS 52 -452 4489 111248 -959120 128442 77 -1009 61
105.919 2 ROTORCRAFT_FP -452 52 -4492 -959120 111248 -130723 -3959 1113 -3800 0 0 0 0 0 0
105.967 2 BMP_STATUS 333298 31050 100563 269
106.018 2 GPS_INT 0 0 0 0 0 0 0 0 0 0 0 0 0 0 0 0
106.112 2 INS 52 -452 4491 111248 -959120 117689 77 -1009 90
106.118 2 ALIVE 230,255,253,70,117,30,49,225,133,242,236,182,32,32,255,69
106.150 2 DOWNLINK_STATUS 106 18778 478 376 838. 21. 17.59
106.168 2 ROTORCRAFT_FP -452 52 -4493 -959120 111248 -119959 -3959 1113 -3800 0 0 0 0 0 0
106.205 2 ROTORCRAFT_NAV_STATUS 92 92 2 0 0
106.241 2 BMP_STATUS 333281 31052 100560 269
106.267 2 GPS_INT 0 0 0 0 0 0 0 0 0 0 0 0 0 0 0 0
106.361 2 INS 52 -452 4480 111248 -959120 90406 77 -1009 99
106.417 2 ROTORCRAFT_FP -452 52 -4482 -959120 111248 -92733 -3959 1113 -3800 0 0 0 0 0 0
106.423 2 ROTORCRAFT_STATUS 0 0 2 0 0 1 0 0 0 0 89 114
106.516 2 GPS_INT 0 0 0 0 0 0 0 0 0 0 0 0 0 0 0 0
106.521 2 BMP_STATUS 333290 31054 100567 269
106.610 2 INS 52 -452 4494 111248 -959120 105146 77 -1009 67
106.666 2 ROTORCRAFT_FP -452 52 -4496 -959120 111248 -107532 -3958 1114 -3802 0 0 0 0 0 0
106.702 2 DL_VALUE 14 0.
106.765 2 GPS_INT 0 0 0 0 0 0 0 0 0 0 0 0 0 0 0 0
106.787 2 BMP_STATUS 333310 31053 100571 269
106.859 2 INS 52 -452 4516 111248 -959120 130293 77 -1009 75
106.916 2 ROTORCRAFT_FP -452 52 -4519 -959120 111248 -132885 -3958 1114 -3803 0 0 0 0 0 0
106.920 2 WP_MOVED_ENU 9 256 256 -768
107.014 2 GPS_INT 0 0 0 0 0 0 0 0 0 0 0 0 0 0 0 0
107.060 2 BMP_STATUS 333307 31054 100573 269
107.108 2 INS 52 -452 4537 111248 -959120 149452 77 -1009 65
107.150 2 DOWNLINK_STATUS 107 19604 498 376 826. 20. 17.59
107.164 2 ROTORCRAFT_FP -452 52 -4541 -959120 111248 -151563 -3957 1115 -3805 0 0 0 0 0 0
107.238 2 I2C_ERRORS 61464 58783 61464 58783 61464 58783 61464 58783 -442503144 1
107.263 2 GPS_INT 0 0 0 0 0 0 0 0 0 0 0 0 0 0 0 0
107.334 2 BMP_STATUS 333279 31055 100567 269
107.357 2 INS 52 -452 4533 111248 -959120 123228 77 -1009 63
107.413 2 ROTORCRAFT_FP -452 52 -4536 -959120 111248 -125693 -3957 1116 -3807 0 0 0 0 0 0
107.512 2 GPS_INT 0 0 0 0 0 0 0 0 0 0 0 0 0 0 0 0
107.606 2 INS 52 -452 4549 111248 -959120 135055 77 -1009 94
107.612 2 ROTORCRAFT_STATUS 0 0 2 0 0 1 0 0 0 0 89 115
107.618 2 BMP_STATUS 333282 31053 100561 269
107.662 2 ROTORCRAFT_FP -452 52 -4512 -959120 111248 -72120 -3956 1117 -3809 0 0 0 0 0 0
107.761 2 GPS_INT 0 0 0 0 0 0 0 0 0 0 0 0 0 0 0 0
107.797 2 DL_VALUE 15 0.
107.801 2 ROTORCRAFT_NAV_STATUS 94 94 2 0 0
107.855 2 INS 52 -452 4519 111248 -959120 81654 77 -1009 135
107.881 2 BMP_STATUS 333294 31055 100572 269
107.911 2 ROTORCRAFT_FP -452 52 -4526 -959120 111248 -91986 -3956 1117 -3810 0 0 0 0 0 0
108.010 2 GPS_INT 0 0 0 0 0 0 0 0 0 0 0 0 0 0 0 0
108.104 2 INS 52 -452 4535 111248 -959120 101528 77 -1009 53
108.151 2 DOWNLINK_STATUS 108 20416 517 376 812. 19. 17.59
108.160 2 ROTORCRAFT_FP -452 52 -4538 -959120 111248 -103587 -3956 1117 -3810 0 0 0 0 0 0
108.166 2 BMP_STATUS 333306 31054 100573 269
108.199 2 WP_MOVED_ENU 0 10752 10752 -3072
108.205 2 ALIVE 230,255,253,70,117,30,49,225,133,242,236,182,32,32,255,69
108.259 2 GPS_INT 0 0 0 0 0 0 0 0 0 0 0 0 0 0 0 0
108.353 2 INS 52 -452 4550 111248 -959120 114882 77 -1009 138
108.409 2 ROTORCRAFT_FP -452 52 -4553 -959120 111248 -117444 -3956 1117 -3811 0 0 0 0 0 0
108.428 2 BMP_STATUS 333298 31054 100570 269
108.508 2 GPS_INT 0 0 0 0 0 0 0 0 0 0 0 0 0 0 0 0
108.602 2 INS 52 -452 4549 111248 -959120 103192 77 -1009 80
108.658 2 ROTORCRAFT_FP -452 52 -4552 -959120 111248 -105831 -3955 1118 -3813 0 0 0 0 0 0
108.701 2 BMP_STATUS 333284 31055 100569 269
108.757 2 GPS_INT 0 0 0 0 0 0 0 0 0 0 0 0 0 0 0 0
108.797 2 ROTORCRAFT_STATUS 0 0 2 0 0 1 0 0 0 0 89 116
108.803 2 IMU_MAG_RAW -496 -98 -317
108.851 2 INS 52 -452 4544 111248 -959120 87222 77 -1009 157
108.907 2 ROTORCRAFT_FP -452 52 -4546 -959120 111248 -89716 -3955 1118 -3813 0 0 0 0 0 0
108.910 2 DL_VALUE 16 0.
108.975 2 BMP_STATUS 333281 31055 100568 269
109.006 2 GPS_INT 0 0 0 0 0 0 0 0 0 0 0 0 0 0 0 0
109.100 2 INS 52 -452 4535 111248 -959120 68964 77 -1009 126
109.151 2 DOWNLINK_STATUS 109 21270 538 376 854. 21. 17.59
109.159 2 ROTORCRAFT_FP -452 52 -4537 -959120 111248 -71598 -3955 1118 -3812 0 0 0 0 0 0
109.255 2 GPS_INT 0 0 0 0 0 0 0 0 0 0 0 0 0 0 0 0
109.260 2 BMP_STATUS 333291 31056 100572 270
109.349 2 INS 52 -452 4542 111248 -959120 76841 77 -1009 70
109.405 2 ROTORCRAFT_FP -452 52 -4544 -959120 111248 -79085 -3955 1118 -3812 0 0 0 0 0 0
109.408 2 ROTORCRAFT_NAV_STATUS 96 96 2 0 0
109.504 2 GPS_INT 0 0 0 0 0 0 0 0 0 0 0 0 0 0 0 0
109.508 2 WP_MOVED_ENU 1 -51 -153 -2688
109.522 2 BMP_STATUS 333309 31056 100579 270
109.598 2 INS 52 -452 4568 111248 -959120 114740 77 -1009 135
109.654 2 ROTORCRAFT_FP -452 52 -4571 -959120 111248 -117536 -3955 1119 -3813 0 0 0 0 0 0
109.753 2 GPS_INT 0 0 0 0 0 0 0 0 0 0 0 0 0 0 0 0
109.794 2 BMP_STATUS 333299 31056 100575 270
109.847 2 INS 52 -452 4575 111248 -959120 113806 77 -1009 134
109.903 2 ROTORCRAFT_FP -452 52 -4578 -959120 111248 -116115 -3955 1118 -3813 0 0 0 0 0 0
110.002 2 GPS_INT 0 0 0 0 0 0 0 0 0 0 0 0 0 0 0 0
110.005 2 DL_VALUE 17 1.
110.011 2 ROTORCRAFT_STATUS 0 0 2 0 0 1 0 0 0 0 89 117
110.068 2 BMP_STATUS 333285 31056 100570 270
110.096 2 INS 52 -452 4563 111248 -959120 82232 77 -1009 23
110.151 2 DOWNLINK_STATUS 110 22096 558 376 826. 20. 17.59
110.153 2 ROTORCRAFT_FP -452 52 -4565 -959120 111248 -84590 -3955 1118 -3813 0 0 0 0 0 0
110.251 2 GPS_INT 0 0 0 0 0 0 0 0 0 0 0 0 0 0 0 0
110.290 2 ALIVE 230,255,253,70,117,30,49,225,133,242,236,182,32,32,255,69
110.345 2 INS 52 -452 4574 111248 -959120 93902 77 -1009 54
110.351 2 BMP_STATUS 333289 31058 100577 270
110.401 2 ROTORCRAFT_FP -452 52 -4576 -959120 111248 -96771 -3955 1118 -3814 0 0 0 0 0 0
110.500 2 GPS_INT 0 0 0 0 0 0 0 0 0 0 0 0 0 0 0 0
110.594 2 INS 52 -452 4586 111248 -959120 106179 77 -1009 87
110.615 2 BMP_STATUS 333291 31058 100578 270
110.616 2 PONG 
110.650 2 ROTORCRAFT_FP -452 52 -4587 -959120 111248 -105742 -3956 1118 -3816 0 0 0 0 0 0
110.749 2 GPS_INT 0 0 0 0 0 0 0 0 0 0 0 0 0 0 0 0
110.787 2 WP_MOVED_ENU 2 0 0 -2688
110.843 2 INS 52 -452 4598 111248 -959120 114862 77 -1009 111
110.888 2 BMP_STATUS 333302 31060 100588 270
110.905 2 ROTORCRAFT_FP -452 52 -4601 -959120 111248 -116745 -3958 1119 -3816 0 0 0 0 0 0
110.998 2 GPS_INT 0 0 0 0 0 0 0 0 0 0 0 0 0 0 0 0
111.001 2 ROTORCRAFT_NAV_STATUS 97 97 2 0 0
111.092 2 INS 52 -452 4640 111248 -959120 165809 77 -1009 51
111.095 2 DL_VALUE 18 13.
111.148 2 ROTORCRAFT_FP -452 52 -4644 -959120 111248 -168074 -3958 1119 -3816 0 0 0 0 0 0
111.152 2 DOWNLINK_STATUS 111 22970 579 376 874. 21. 8.88
111.162 2 BMP_STATUS 333297 31060 100587 270
111.187 2 ROTORCRAFT_STATUS 0 0 2 0 0 1 0 0 0 0 89 118
111.188 2 WIND_INFO 2 42 0. 0. 0.
111.247 2 GPS_INT 0 0 0 0 0 0 0 0 0 0 0 0 0 0 0 0
111.341 2 INS 52 -452 4665 111248 -959120 183659 77 -1009 94
111.398 2 ROTORCRAFT_FP -452 52 -4670 -959120 111248 -185891 -3958 1119 -3816 0 0 0 0 0 0
111.435 2 BMP_STATUS 333318 31060 100594 270
111.496 2 GPS_INT 0 0 0 0 0 0 0 0 0 0 0 0 0 0 0 0
111.593 2 INS 52 -452 4705 111248 -959120 219688 77 -1009 79
111.646 2 ROTORCRAFT_FP -452 52 -4710 -959120 111248 -222055 -3956 1120 -3817 0 0 0 0 0 0
111.709 2 BMP_STATUS 333291 31060 100582 270
111.745 2 GPS_INT 0 0 0 0 0 0 0 0 0 0 0 0 0 0 0 0
111.791 2 IMU_MAG_RAW -494 -99 -319
111.839 2 INS 52 -452 4691 111248 -959120 167890 77 -1009 55
111.895 2 ROTORCRAFT_FP -452 52 -4695 -959120 111248 -170376 -3956 1120 -3817 0 0 0 0 0 0
111.982 2 BMP_STATUS 333299 31062 100588 270
111.999 2 GPS_INT 0 0 0 0 0 0 0 0 0 0 0 0 0 0 0 0
112.092 2 INS 52 -452 4697 111248 -959120 156583 77 -1009 104
112.093 2 WP_MOVED_ENU 3 -1459 -1177 -2688
112.144 2 ROTORCRAFT_FP -452 52 -4701 -959120 111248 -158870 -3956 1120 -3816 0 0 0 0 0 0
112.152 2 DOWNLINK_STATUS 112 23790 598 376 820. 19. 8.88
112.180 2 DL_VALUE 19 0.
112.243 2 GPS_INT 0 0 0 0 0 0 0 0 0 0 0 0 0 0 0 0
112.255 2 BMP_STATUS 333300 31059 100582 270
112.337 2 INS 52 -452 4680 111248 -959120 109780 77 -1009 95
112.393 2 ROTORCRAFT_FP -452 52 -4683 -959120 111248 -112078 -3956 1120 -3815 0 0 0 0 0 0
112.400 2 ROTORCRAFT_STATUS 0 0 2 0 0 1 0 0 0 0 89 120
112.405 2 ALIVE 230,255,253,70,117,30,49,225,133,242,236,182,32,32,255,69
112.492 2 GPS_INT 0 0 0 0 0 0 0 0 0 0 0 0 0 0 0 0
112.528 2 BMP_STATUS 333301 31062 100589 270
112.586 2 INS 52 -452 4687 111248 -959120 110672 77 -1009 73
112.593 2 ROTORCRAFT_NAV_STATUS 99 99 2 0 0
112.645 2 ROTORCRAFT_FP -452 52 -4690 -959120 111248 -112850 -3956 1121 -3817 0 0 0 0 0 0
112.741 2 GPS_INT 0 0 0 0 0 0 0 0 0 0 0 0 0 0 0 0
112.802 2 BMP_STATUS 333318 31062 100595 270
112.835 2 INS 52 -452 4710 111248 -959120 135625 77 -1009 109
112.891 2 ROTORCRAFT_FP -452 52 -4713 -959120 111248 -137835 -3956 1121 -3818 0 0 0 0 0 0
112.990 2 GPS_INT 0 0 0 0 0 0 0 0 0 0 0 0 0 0 0 0
113.075 2 BMP_STATUS 333317 31064 100599 270
113.087 2 INS 52 -452 4738 111248 -959120 164383 77 -1009 111
113.140 2 ROTORCRAFT_FP -452 52 -4742 -959120 111248 -166722 -3956 1120 -3818 0 0 0 0 0 0
113.152 2 DOWNLINK_STATUS 113 24620 618 376 830. 20. 8.88
113.239 2 GPS_INT 0 0 0 0 0 0 0 0 0 0 0 0 0 0 0 0
113.275 2 DL_VALUE 20 0.
113.333 2 INS 52 -452 4758 111248 -959120 175379 77 -1009 139
113.349 2 BMP_STATUS 333314 31062 100594 270
113.389 2 ROTORCRAFT_FP -452 52 -4746 -959120 111248 -149666 -3955 1120 -3818 0 0 0 0 0 0
113.394 2 WP_MOVED_ENU 4 -204 -204 -2688
113.489 2 GPS_INT 0 0 0 0 0 0 0 0 0 0 0 0 0 0 0 0
113.582 2 INS 52 -452 4761 111248 -959120 158681 77 -1009 104
113.594 2 ROTORCRAFT_STATUS 0 0 2 0 0 1 0 0 0 0 88 121
113.622 2 BMP_STATUS 333330 31063 100602 270
113.639 2 ROTORCRAFT_FP -452 52 -4771 -959120 111248 -170999 -3955 1121 -3817 0 0 0 0 0 0
113.737 2 GPS_INT 0 0 0 0 0 0 0 0 0 0 0 0 0 0 0 0
113.831 2 INS 52 -452 4788 111248 -959120 180306 77 -1009 114
113.887 2 ROTORCRAFT_FP -452 52 -4792 -959120 111248 -182703 -3955 1120 -3817 0 0 0 0 0 0
113.896 2 BMP_STATUS 333301 31064 100593 270
113.987 2 GPS_INT 0 0 0 0 0 0 0 0 0 0 0 0 0 0 0 0
114.081 2 INS 52 -452 4774 111248 -959120 138612 77 -1009 123
114.136 2 ROTORCRAFT_FP -452 52 -4777 -959120 111248 -140609 -3955 1120 -3817 0 0 0 0 0 0
114.153 2 DOWNLINK_STATUS 114 25411 636 376 791. 18. 8.88
114.169 2 BMP_STATUS 333309 31066 100599 270
114.173 2 ROTORCRAFT_NAV_STATUS 100 100 2 0 0
114.235 2 GPS_INT 0 0 0 0 0 0 0 0 0 0 0 0 0 0 0 0
114.329 2 INS 52 -452 4781 111248 -959120 134236 77 -1009 94
114.385 2 ROTORCRAFT_FP -452 52 -4784 -959120 111248 -136383 -3955 1120 -3818 0 0 0 0 0 0
114.388 2 DL_VALUE 21 1024.
114.443 2 BMP_STATUS 333322 31068 100608 270
114.485 2 GPS_INT 0 0 0 0 0 0 0 0 0 0 0 0 0 0 0 0
114.490 2 ALIVE 230,255,253,70,117,30,49,225,133,242,236,182,32,32,255,69
114.578 2 INS 52 -452 4814 111248 -959120 170823 77 -1009 71
114.634 2 ROTORCRAFT_FP -452 52 -4819 -959120 111248 -173279 -3955 1120 -3817 0 0 0 0 0 0
114.672 2 WP_MOVED_ENU 5 -204 -204 -2688
114.716 2 BMP_STATUS 333312 31066 100600 270
114.733 2 GPS_INT 0 0 0 0 0 0 0 0 0 0 0 0 0 0 0 0
114.772 2 ROTORCRAFT_STATUS 0 0 2 0 0 1 0 0 0 0 89 122
114.780 2 IMU_MAG_RAW -493 -92 -320
114.828 2 INS 52 -452 4811 111248 -959120 143923 77 -1009 147
114.883 2 ROTORCRAFT_FP -452 52 -4814 -959120 111248 -146426 -3955 1120 -3817 0 0 0 0 0 0
114.983 2 GPS_INT 0 0 0 0 0 0 0 0 0 0 0 0 0 0 0 0
114.989 2 BMP_STATUS 333307 31066 100598 270
115.076 2 INS 52 -452 4800 111248 -959120 109688 77 -1009 100
115.132 2 ROTORCRAFT_FP -452 52 -4803 -959120 111248 -112218 -3954 1119 -3815 0 0 0 0 0 0
115.153 2 DOWNLINK_STATUS 115 26278 658 376 867. 22. 8.88
115.202 2 WIND_INFO 2 42 0. 0. 0.
115.231 2 GPS_INT 0 0 0 0 0 0 0 0 0 0 0 0 0 0 0 0
115.262 2 BMP_STATUS 333310 31065 100596 270
115.325 2 INS 52 -452 4784 111248 -959120 72958 77 -1009 63
115.381 2 ROTORCRAFT_FP -452 52 -4786 -959120 111248 -75068 -3955 1120 -3815 0 0 0 0 0 0
115.388 2 I2C_ERRORS 61464 58783 61464 58783 61464 58783 61464 58783 -442503144 0
115.481 2 GPS_INT 0 0 0 0 0 0 0 0 0 0 0 0 0 0 0 0
115.483 2 DL_VALUE 22 800.
115.536 2 BMP_STATUS 333299 31068 100599 270
115.574 2 INS 52 -452 4780 111248 -959120 61715 77 -1009 136
115.614 2 PONG 
115.631 2 ROTORCRAFT_FP -452 52 -4781 -959120 111248 -64077 -3954 1120 -3815 0 0 0 0 0 0
115.729 2 GPS_INT 0 0 0 0 0 0 0 0 0 0 0 0 0 0 0 0
115.766 2 ROTORCRAFT_NAV_STATUS 102 102 2 0 0
115.809 2 BMP_STATUS 333331 31066 100607 270
115.823 2 INS 52 -452 4800 111248 -959120 94057 77 -1009 92
115.879 2 ROTORCRAFT_FP -452 52 -4803 -959120 111248 -96256 -3954 1120 -3815 0 0 0 0 0 0
115.979 2 GPS_INT 0 0 0 0 0 0 0 0 0 0 0 0 0 0 0 0
115.985 2 ROTORCRAFT_STATUS 0 0 2 0 0 1 0 0 0 0 88 123
115.990 2 WP_MOVED_ENU 6 -230 -230 -2688
116.072 2 INS 52 -452 4812 111248 -959120 105005 77 -1009 76
116.083 2 BMP_STATUS 333323 31068 100608 270
116.128 2 ROTORCRAFT_FP -452 52 -4821 -959120 111248 -117361 -3954 1120 -3814 0 0 0 0 0 0
116.154 2 DOWNLINK_STATUS 116 27137 680 376 859. 22. 5.39
116.227 2 GPS_INT 0 0 0 0 0 0 0 0 0 0 0 0 0 0 0 0
116.321 2 INS 52 -452 4833 111248 -959120 125736 77 -1009 62
116.356 2 BMP_STATUS 333314 31068 100605 270
116.377 2 ROTORCRAFT_FP -452 52 -4825 -959120 111248 -109407 -3955 1119 -3815 0 0 0 0 0 0
116.476 2 GPS_INT 0 0 0 0 0 0 0 0 0 0 0 0 0 0 0 0
116.570 2 INS 52 -452 4836 111248 -959120 118653 77 -1009 101
116.573 2 DL_VALUE 23 600.
116.579 2 ALIVE 230,255,253,70,117,30,49,225,133,242,236,182,32,32,255,69
116.626 2 ROTORCRAFT_FP -452 52 -4839 -959120 111248 -120696 -3955 1119 -3814 0 0 0 0 0 0
116.632 2 BMP_STATUS 333339 31068 100614 270
116.725 2 GPS_INT 0 0 0 0 0 0 0 0 0 0 0 0 0 0 0 0
116.762 2 UART_ERRORS 0 0 0 1
116.819 2 INS 52 -452 4868 111248 -959120 154509 77 -1009 77
116.875 2 ROTORCRAFT_FP -452 52 -4872 -959120 111248 -156547 -3955 1119 -3815 0 0 0 0 0 0
116.903 2 BMP_STATUS 333325 31068 100609 270
116.974 2 GPS_INT 0 0 0 0 0 0 0 0 0 0 0 0 0 0 0 0
117.068 2 INS 52 -452 4872 111248 -959120 142839 77 -1009 74
117.124 2 ROTORCRAFT_FP -452 52 -4876 -959120 111248 -145091 -3954 1119 -3815 0 0 0 0 0 0
117.155 2 DOWNLINK_STATUS 117 27922 698 376 785. 18. 5.39
117.163 2 ROTORCRAFT_STATUS 0 0 2 0 0 1 0 0 0 0 89 124
117.177 2 BMP_STATUS 333322 31069 100608 270
117.223 2 GPS_INT 0 0 0 0 0 0 0 0 0 0 0 0 0 0 0 0
117.261 2 WP_MOVED_ENU 7 0 256 -2304
117.317 2 INS 52 -452 4870 111248 -959120 122871 77 -1009 71
117.373 2 ROTORCRAFT_FP -452 52 -4873 -959120 111248 -125274 -3954 1118 -3814 0 0 0 0 0 0
117.376 2 ROTORCRAFT_NAV_STATUS 104 104 2 0 0
117.450 2 BMP_STATUS 333333 31071 100616 270
117.472 2 GPS_INT 0 0 0 0 0 0 0 0 0 0 0 0 0 0 0 0
117.566 2 INS 52 -452 4892 111248 -959120 144114 77 -1009 57
117.622 2 ROTORCRAFT_FP -452 52 -4896 -959120 111248 -146229 -3954 1118 -3813 0 0 0 0 0 0
117.658 2 DL_VALUE 24 100.
117.721 2 GPS_INT 0 0 0 0 0 0 0 0 0 0 0 0 0 0 0 0
117.727 2 BMP_STATUS 333324 31071 100613 270
117.767 2 IMU_MAG_RAW -494 -96 -315
117.815 2 INS 52 -452 4897 111248 -959120 133984 77 -1009 53
117.871 2 ROTORCRAFT_FP -452 52 -4901 -959120 111248 -136134 -3954 1117 -3812 0 0 0 0 0 0
117.970 2 GPS_INT 0 0 0 0 0 0 0 0 0 0 0 0 0 0 0 0
117.996 2 BMP_STATUS 333326 31071 100613 270
118.064 2 INS 52 -452 4899 111248 -959120 120633 77 -1009 99
118.120 2 ROTORCRAFT_FP -452 52 -4902 -959120 111248 -122940 -3954 1118 -3812 0 0 0 0 0 0
118.155 2 DOWNLINK_STATUS 118 28766 719 376 844. 21. 5.39
118.219 2 GPS_INT 0 0 0 0 0 0 0 0 0 0 0 0 0 0 0 0
118.271 2 BMP_STATUS 333341 31069 100615 270
118.313 2 INS 52 -452 4905 111248 -959120 116247 77 -1009 116
118.369 2 ROTORCRAFT_FP -452 52 -4908 -959120 111248 -118253 -3955 1118 -3812 0 0 0 0 0 0
118.375 2 ROTORCRAFT_STATUS 0 0 2 0 0 1 0 0 0 0 89 126
118.468 2 GPS_INT 0 0 0 0 0 0 0 0 0 0 0 0 0 0 0 0
118.544 2 BMP_STATUS 333353 31073 100624 270
118.562 2 INS 52 -452 4936 111248 -959120 152635 77 -1009 71
118.567 2 WP_MOVED_ENU 8 256 0 -1536
118.618 2 ROTORCRAFT_FP -452 52 -4939 -959120 111248 -154698 -3955 1118 -3813 0 0 0 0 0 0
118.657 2 ALIVE 230,255,253,70,117,30,49,225,133,242,236,182,32,32,255,69
118.718 2 GPS_INT 0 0 0 0 0 0 0 0 0 0 0 0 0 0 0 0
118.753 2 DL_VALUE 25 300.
118.811 2 INS 52 -452 4955 111248 -959120 163026 77 -1009 79
118.817 2 BMP_STATUS 333341 31073 100620 270
118.867 2 ROTORCRAFT_FP -452 52 -4949 -959120 111248 -148280 -3955 1118 -3813 0 0 0 0 0 0
118.967 2 GPS_INT 0 0 0 0 0 0 0 0 0 0 0 0 0 0 0 0
118.970 2 ROTORCRAFT_NAV_STATUS 105 105 2 0 0
119.060 2 INS 52 -452 4963 111248 -959120 156528 77 -1009 65
119.091 2 BMP_STATUS 333335 31073 100617 270
119.116 2 ROTORCRAFT_FP -452 52 -4944 -959120 111248 -120191 -3955 1118 -3812 0 0 0 0 0 0
119.155 2 DOWNLINK_STATUS 119 29615 740 376 849. 21. 5.39
119.215 2 GPS_INT 0 0 0 0 0 0 0 0 0 0 0 0 0 0 0 0
119.309 2 INS 52 -452 4956 111248 -959120 128240 77 -1009 104
119.366 2 ROTORCRAFT_FP -452 52 -4959 -959120 111248 -130376 -3955 1117 -3811 0 0 0 0 0 0
119.371 2 BMP_STATUS 333348 31074 100625 271
119.439 2 I2C_ERRORS 61464 58783 61464 58783 61464 58783 61464 58783 -442503144 1
119.464 2 GPS_INT 0 0 0 0 0 0 0 0 0 0 0 0 0 0 0 0
119.558 2 INS 52 -452 4976 111248 -959120 144979 77 -1009 109
119.564 2 ROTORCRAFT_STATUS 0 0 2 0 0 1 0 0 0 0 89 127
119.614 2 ROTORCRAFT_FP -452 52 -4980 -959120 111248 -147457 -3953 1118 -3810 0 0 0 0 0 0
119.637 2 BMP_STATUS 333340 31077 100627 271
119.713 2 GPS_INT 0 0 0 0 0 0 0 0 0 0 0 0 0 0 0 0
119.807 2 INS 52 -452 4997 111248 -959120 158529 77 -1009 110
119.863 2 ROTORCRAFT_FP -452 52 -5000 -959120 111248 -160424 -3953 1117 -3809 0 0 0 0 0 0
119.866 2 DL_VALUE 26 800.
119.871 2 WP_MOVED_ENU 9 256 256 -768
119.911 2 BMP_STATUS 333350 31075 100630 271
119.962 2 GPS_INT 0 0 0 0 0 0 0 0 0 0 0 0 0 0 0 0
120.056 2 INS 52 -452 5019 111248 -959120 172441 77 -1009 80
120.112 2 ROTORCRAFT_FP -452 52 -5023 -959120 111248 -174730 -3954 1117 -3809 0 0 0 0 0 0
120.156 2 DOWNLINK_STATUS 120 30433 759 376 818. 19. 5.39
120.185 2 BMP_STATUS 333350 31078 100634 271
120.211 2 GPS_INT 0 0 0 0 0 0 0 0 0 0 0 0 0 0 0 0
120.305 2 INS 52 -452 5046 111248 -959120 190867 77 -1009 79
120.361 2 ROTORCRAFT_FP -452 52 -5050 -959120 111248 -192981 -3955 1117 -3809 0 0 0 0 0 0
120.460 2 GPS_INT 0 0 0 0 0 0 0 0 0 0 0 0 0 0 0 0
120.466 2 BMP_STATUS 333328 31077 100622 271
120.554 2 INS 52 -452 5024 111248 -959120 130491 77 -1009 69
120.558 2 ROTORCRAFT_NAV_STATUS 107 107 2 0 0
120.610 2 ROTORCRAFT_FP -452 52 -5027 -959120 111248 -132519 -3955 1117 -3809 0 0 0 0 0 0
120.614 2 PONG 
120.709 2 GPS_INT 0 0 0 0 0 0 0 0 0 0 0 0 0 0 0 0
120.731 2 BMP_STATUS 333349 31080 100638 271
120.748 2 ROTORCRAFT_STATUS 0 0 2 0 0 1 0 0 0 0 89 128
120.754 2 ALIVE 230,255,253,70,117,30,49,225,133,242,236,182,32,32,255,69
120.759 2 IMU_MAG_RAW -494 -99 -317
120.803 2 INS 52 -452 5056 111248 -959120 165809 77 -1009 9
120.860 2 ROTORCRAFT_FP -452 52 -5060 -959120 111248 -168051 -3956 1117 -3809 0 0 0 0 0 0
120.959 2 GPS_INT 0 0 0 0 0 0 0 0 0 0 0 0 0 0 0 0
120.961 2 DL_VALUE 27 600.
121.004 2 BMP_STATUS 333346 31080 100637 271
121.052 2 INS 52 -452 5075 111248 -959120 172533 77 -1009 67
121.108 2 ROTORCRAFT_FP -452 52 -5079 -959120 111248 -174533 -3955 1117 -3809 0 0 0 0 0 0
121.146 2 WP_MOVED_ENU 0 10752 10752 -3072
121.156 2 DOWNLINK_STATUS 121 31306 782 376 873. 23. 5.77
121.207 2 GPS_INT 0 0 0 0 0 0 0 0 0 0 0 0 0 0 0 0
121.237 2 WIND_INFO 2 42 0. 0. 0.
121.280 2 BMP_STATUS 333335 31081 100633 271
121.301 2 INS 52 -452 5075 111248 -959120 146272 77 -1009 62
121.357 2 ROTORCRAFT_FP -452 52 -5078 -959120 111248 -148334 -3956 1116 -3808 0 0 0 0 0 0
121.456 2 GPS_INT 0 0 0 0 0 0 0 0 0 0 0 0 0 0 0 0
121.550 2 INS 52 -452 5093 111248 -959120 156120 77 -1009 -19
121.556 2 BMP_STATUS 333345 31080 100637 271
121.607 2 ROTORCRAFT_FP -452 52 -5088 -959120 111248 -142792 -3956 1116 -3807 0 0 0 0 0 0
121.705 2 GPS_INT 0 0 0 0 0 0 0 0 0 0 0 0 0 0 0 0
121.799 2 INS 52 -452 5102 111248 -959120 150827 77 -1009 123
121.825 2 BMP_STATUS 333366 31083 100648 271
121.855 2 ROTORCRAFT_FP -452 52 -5126 -959120 111248 -186079 -3955 1116 -3806 0 0 0 0 0 0
121.954 2 GPS_INT 0 0 0 0 0 0 0 0 0 0 0 0 0 0 0 0
121.960 2 ROTORCRAFT_STATUS 0 0 2 0 0 1 0 0 0 0 89 129
122.048 2 INS 52 -452 5144 111248 -959120 193872 77 -1009 66
122.051 2 DL_VALUE 28 100.
122.104 2 ROTORCRAFT_FP -452 52 -5149 -959120 111248 -195753 -3956 1116 -3806 0 0 0 0 0 0
122.110 2 BMP_STATUS 333353 31083 100643 271
122.141 2 ROTORCRAFT_NAV_STATUS 108 108 2 0 0
122.157 2 DOWNLINK_STATUS 122 32113 801 376 807. 19. 5.77
122.203 2 GPS_INT 0 0 0 0 0 0 0 0 0 0 0 0 0 0 0 0
122.297 2 INS 52 -452 5155 111248 -959120 184285 77 -1009 63
122.353 2 ROTORCRAFT_FP -452 52 -5159 -959120 111248 -186142 -3956 1116 -3806 0 0 0 0 0 0
122.372 2 BMP_STATUS 333352 31083 100643 271
122.452 2 GPS_INT 0 0 0 0 0 0 0 0 0 0 0 0 0 0 0 0
122.457 2 WP_MOVED_ENU 1 -51 -153 -2688
122.546 2 INS 52 -452 5159 111248 -959120 167223 77 -1009 90
122.604 2 ROTORCRAFT_FP -452 52 -5164 -959120 111248 -169147 -3955 1117 -3807 0 0 0 0 0 0
122.648 2 BMP_STATUS 333357 31083 100645 271
122.701 2 GPS_INT 0 0 0 0 0 0 0 0 0 0 0 0 0 0 0 0
122.795 2 INS 52 -452 5167 111248 -959120 156341 77 -1009 65
122.851 2 ROTORCRAFT_FP -452 52 -5170 -959120 111248 -158216 -3955 1117 -3806 0 0 0 0 0 0
122.857 2 ALIVE 230,255,253,70,117,30,49,225,133,242,236,182,32,32,255,69
122.919 2 BMP_STATUS 333371 31085 100654 271
122.950 2 GPS_INT 0 0 0 0 0 0 0 0 0 0 0 0 0 0 0 0
123.044 2 INS 52 -452 5199 111248 -959120 185469 77 -1009 97
123.100 2 ROTORCRAFT_FP -452 52 -5204 -959120 111248 -187383 -3955 1117 -3806 0 0 0 0 0 0
123.136 2 DL_VALUE 29 300.
123.143 2 ROTORCRAFT_STATUS 0 0 2 0 0 1 0 0 0 0 89 130
123.157 2 DOWNLINK_STATUS 123 32927 820 376 814. 19. 5.77
123.199 2 GPS_INT 0 0 0 0 0 0 0 0 0 0 0 0 0 0 0 0
123.205 2 BMP_STATUS 333373 31087 100657 271
123.293 2 INS 52 -452 5230 111248 -959120 207502 77 -1009 65
123.349 2 ROTORCRAFT_FP -452 52 -5235 -959120 111248 -209689 -3955 1116 -3806 0 0 0 0 0 0
123.449 2 GPS_INT 0 0 0 0 0 0 0 0 0 0 0 0 0 0 0 0
123.466 2 BMP_STATUS 333352 31087 100650 271
123.542 2 INS 52 -452 5228 111248 -959120 172366 77 -1009 81
123.600 2 ROTORCRAFT_FP -452 52 -5232 -959120 111248 -174739 -3956 1116 -3804 0 0 0 0 0 0
123.697 2 GPS_INT 0 0 0 0 0 0 0 0 0 0 0 0 0 0 0 0
123.735 2 WP_MOVED_ENU 2 0 0 -2688
123.740 2 ROTORCRAFT_NAV_STATUS 110 110 2 0 0
123.745 2 BMP_STATUS 333376 31088 100659 271
123.750 2 IMU_MAG_RAW -490 -99 -318
123.791 2 INS 52 -452 5251 111248 -959120 185228 77 -1009 104
123.847 2 ROTORCRAFT_FP -452 52 -5256 -959120 111248 -187179 -3956 1116 -3804 0 0 0 0 0 0
123.947 2 GPS_INT 0 0 0 0 0 0 0 0 0 0 0 0 0 0 0 0
124.012 2 BMP_STATUS 333383 31087 100661 271
124.040 2 INS 52 -452 5272 111248 -959120 190497 77 -1009 105
124.096 2 ROTORCRAFT_FP -452 52 -5277 -959120 111248 -192332 -3955 1117 -3804 0 0 0 0 0 0
124.159 2 DOWNLINK_STATUS 124 33737 839 376 810. 19. 5.77
124.195 2 GPS_INT 0 0 0 0 0 0 0 0 0 0 0 0 0 0 0 0
124.232 2 DL_VALUE 30 800.
124.289 2 INS 52 -452 5296 111248 -959120 200102 77 -1009 93
124.295 2 BMP_STATUS 333359 31089 100656 272
124.345 2 ROTORCRAFT_FP -452 52 -5273 -959120 111248 -158687 -3955 1116 -3804 0 0 0 0 0 0
124.351 2 ROTORCRAFT_STATUS 0 0 2 0 0 1 0 0 0 0 89 131
124.444 2 GPS_INT 0 0 0 0 0 0 0 0 0 0 0 0 0 0 0 0
124.538 2 INS 52 -452 5289 111248 -959120 165476 77 -1009 101
124.559 2 BMP_STATUS 333373 31090 100661 272
124.594 2 ROTORCRAFT_FP -452 52 -5284 -959120 111248 -151852 -3955 1116 -3804 0 0 0 0 0 0
124.693 2 GPS_INT 0 0 0 0 0 0 0 0 0 0 0 0 0 0 0 0
124.788 2 INS 52 -452 5299 111248 -959120 159154 77 -1009 43
124.832 2 BMP_STATUS 333364 31088 100655 271
124.849 2 ROTORCRAFT_FP -452 52 -5303 -959120 111248 -160963 -3954 1116 -3803 0 0 0 0 0 0
124.942 2 GPS_INT 0 0 0 0 0 0 0 0 0 0 0 0 0 0 0 0
124.949 2 ALIVE 230,255,253,70,117,30,49,225,133,242,236,182,32,32,255,69
125.036 2 INS 52 -452 5282 111248 -959120 115682 77 -1009 69
125.041 2 WP_MOVED_ENU 3 -1459 -1177 -2688
125.092 2 ROTORCRAFT_FP -452 52 -5285 -959120 111248 -117662 -3954 1116 -3802 0 0 0 0 0 0
125.107 2 BMP_STATUS 333363 31092 100661 272
125.159 2 DOWNLINK_STATUS 125 34573 859 376 836. 20. 5.77
125.191 2 GPS_INT 0 0 0 0 0 0 0 0 0 0 0 0 0 0 0 0
125.286 2 INS 52 -452 5288 111248 -959120 112406 77 -1009 85
125.341 2 ROTORCRAFT_FP -452 52 -5291 -959120 111248 -114503 -3954 1115 -3802 0 0 0 0 0 0
125.344 2 DL_VALUE 31 600.
125.347 2 ROTORCRAFT_NAV_STATUS 111 111 2 0 0
125.379 2 BMP_STATUS 333364 31093 100663 272
125.440 2 GPS_INT 0 0 0 0 0 0 0 0 0 0 0 0 0 0 0 0
125.534 2 INS 52 -452 5298 111248 -959120 115506 77 -1009 109
125.540 2 ROTORCRAFT_STATUS 0 0 2 0 0 1 0 0 0 0 89 133
125.590 2 ROTORCRAFT_FP -452 52 -5301 -959120 111248 -117384 -3954 1115 -3801 0 0 0 0 0 0
125.615 2 PONG 
125.627 2 WIND_INFO 2 42 0. 0. 0.
125.653 2 BMP_STATUS 333385 31094 100670 272
125.690 2 GPS_INT 0 0 0 0 0 0 0 0 0 0 0 0 0 0 0 0
125.783 2 INS 52 -452 5327 111248 -959120 146517 77 -1009 63
125.839 2 ROTORCRAFT_FP -452 52 -5330 -959120 111248 -148282 -3955 1115 -3801 0 0 0 0 0 0
125.926 2 BMP_STATUS 333373 31094 100666 272
125.943 2 GPS_INT 0 0 0 0 0 0 0 0 0 0 0 0 0 0 0 0
126.032 2 INS 52 -452 5333 111248 -959120 136769 77 -1009 94
126.088 2 ROTORCRAFT_FP -452 52 -5337 -959120 111248 -138917 -3954 1115 -3801 0 0 0 0 0 0
126.159 2 DOWNLINK_STATUS 126 35364 878 376 791. 19. 5.5
126.187 2 GPS_INT 0 0 0 0 0 0 0 0 0 0 0 0 0 0 0 0
126.200 2 BMP_STATUS 333373 31093 100666 272
126.281 2 INS 52 -452 5336 111248 -959120 123530 77 -1009 75
126.337 2 ROTORCRAFT_FP -452 52 -5339 -959120 111248 -125368 -3955 1115 -3801 0 0 0 0 0 0
126.342 2 WP_MOVED_ENU 4 -204 -204 -2688
126.436 2 GPS_INT 0 0 0 0 0 0 0 0 0 0 0 0 0 0 0 0
126.439 2 DL_VALUE 32 10.
126.473 2 BMP_STATUS 333415 31094 100681 272
126.530 2 INS 52 -452 5383 111248 -959120 182983 77 -1009 111
126.586 2 ROTORCRAFT_FP -452 52 -5387 -959120 111248 -184946 -3954 1115 -3801 0 0 0 0 0 0
126.685 2 GPS_INT 0 0 0 0 0 0 0 0 0 0 0 0 0 0 0 0
126.725 2 ROTORCRAFT_STATUS 0 0 2 0 0 1 0 0 0 0 89 134
126.731 2 IMU_MAG_RAW -493 -98 -318
