2.854 2 AMSYS_AIRSPEED 3369 7.257801 3.472052 3.36336 23.155945
2.873 2 INS -181 -146 -217 -529168 -425056 -419546 -701 -571 -471
2.930 2 ROTORCRAFT_FP -152 -189 227 -434560 -541200 431899 4220 859 -122 0 0 0 0 0 0
2.953 2 AMSYS_AIRSPEED 3369 7.257801 3.472052 3.374012 23.185318
2.967 2 BMP_STATUS 334233 31945 102426 322
3.028 2 GPS_INT 0 0 0 0 0 0 0 0 0 0 0 0 0 0 0 0
3.053 2 AMSYS_AIRSPEED 3363 6.784466 3.356925 3.372337 23.155945
3.111 2 DOWNLINK_STATUS 3 3250 91 0 1066. 30. 0.
3.122 2 INS -252 -202 -226 -623792 -500320 -385718 -706 -565 -415
3.128 2 ROTORCRAFT_STATUS 0 0 2 0 0 1 0 0 0 0 88 7
3.152 2 AMSYS_AIRSPEED 3369 7.257801 3.472052 3.382109 23.155945
3.178 2 ROTORCRAFT_FP -210 -261 236 -509888 -635792 396513 4220 859 -120 0 0 0 0 0 0
3.240 2 BMP_STATUS 334237 31946 102428 322
3.251 2 AMSYS_AIRSPEED 3380 8.125582 3.673761 3.410691 23.185318
3.277 2 GPS_INT 0 0 0 0 0 0 0 0 0 0 0 0 0 0 0 0
3.351 2 AMSYS_AIRSPEED 3363 6.784466 3.356925 3.405422 23.185318
3.371 2 INS -333 -268 -217 -718736 -575360 -310137 -707 -554 -318
3.426 2 ROTORCRAFT_FP -277 -345 224 -585024 -730736 317858 4219 860 -121 0 0 0 0 0 0
3.450 2 AMSYS_AIRSPEED 3369 7.257801 3.472052 3.411952 23.155945
3.514 2 BMP_STATUS 334239 31947 102432 322
3.530 2 GPS_INT 0 0 0 0 0 0 0 0 0 0 0 0 0 0 0 0
3.532 2 DL_VALUE 7 0.
3.550 2 AMSYS_AIRSPEED 3351 5.837797 3.113925 3.382745 23.130768
3.620 2 INS -345 -277 -186 -730736 -585024 -197113 -750 -604 -177
3.650 2 AMSYS_AIRSPEED 3369 7.257801 3.472052 3.391497 23.155945
3.676 2 ROTORCRAFT_FP -277 -345 191 -585024 -730736 202055 4218 861 -121 0 0 0 0 0 0
3.750 2 AMSYS_AIRSPEED 3346 5.443351 3.006886 3.353805 23.185318
3.775 2 GPS_INT 0 0 0 0 0 0 0 0 0 0 0 0 0 0 0 0
3.787 2 BMP_STATUS 334230 31944 102425 322
3.813 2 WP_MOVED_ENU 7 0 256 -2304
3.849 2 AMSYS_AIRSPEED 3357 6.311131 3.237705 3.342427 23.185318
3.869 2 INS -345 -277 -191 -730736 -585024 -176596 -750 -604 -136
3.925 2 ROTORCRAFT_FP -277 -345 196 -585024 -730736 180417 4218 861 -123 0 0 0 0 0 0
3.950 2 AMSYS_AIRSPEED 3363 6.784466 3.356925 3.343848 23.155945
4.024 2 GPS_INT 0 0 0 0 0 0 0 0 0 0 0 0 0 0 0 0
4.049 2 AMSYS_AIRSPEED 3374 7.652247 3.565153 3.365536 23.155945
4.061 2 BMP_STATUS 334237 31943 102426 322
4.111 2 DOWNLINK_STATUS 4 4303 120 0 1053. 29. 0.
4.119 2 INS -345 -277 -188 -730736 -585024 -139071 -750 -604 -139
4.121 2 ROTORCRAFT_NAV_STATUS 8 0 0 1 0
4.148 2 AMSYS_AIRSPEED 3369 7.257801 3.472052 3.375974 23.155945
4.174 2 ROTORCRAFT_FP -277 -345 191 -585024 -730736 142149 4217 862 -121 0 0 0 0 0 0
4.248 2 AMSYS_AIRSPEED 3363 6.784466 3.356925 3.374108 23.185318
4.273 2 GPS_INT 0 0 0 0 0 0 0 0 0 0 0 0 0 0 0 0
4.313 2 ROTORCRAFT_STATUS 0 0 2 0 0 1 0 0 0 0 88 8
4.334 2 BMP_STATUS 334252 31946 102433 322
4.348 2 AMSYS_AIRSPEED 3369 7.257801 3.472052 3.383706 23.185318
4.367 2 INS -345 -277 -155 -730736 -585024 -44496 -750 -604 -45
4.411 2 IMU_MAG_RAW -436 -226 -290
4.427 2 ROTORCRAFT_FP -277 -345 156 -585024 -730736 45828 4217 862 -123 0 0 0 0 0 0
4.447 2 AMSYS_AIRSPEED 3357 6.311131 3.237705 3.369398 23.185318
4.522 2 GPS_INT 0 0 0 0 0 0 0 0 0 0 0 0 0 0 0 0
4.546 2 AMSYS_AIRSPEED 3369 7.257801 3.472052 3.379458 23.155945
4.607 2 BMP_STATUS 334251 31944 102432 322
4.618 2 INS -345 -277 -136 -730736 -585024 4715 -750 -604 -23
4.623 2 DL_VALUE 8 0.
4.627 2 ALIVE 201,163,132,29,49,7,215,240,188,191,130,191,147,183,78,4
4.646 2 AMSYS_AIRSPEED 3369 7.257801 3.472052 3.388532 23.130768
4.673 2 ROTORCRAFT_FP -277 -345 136 -585024 -730736 -4699 4217 862 -120 0 0 0 0 0 0
4.748 2 AMSYS_AIRSPEED 3357 6.311131 3.237705 3.373751 23.155945
4.771 2 GPS_INT 0 0 0 0 0 0 0 0 0 0 0 0 0 0 0 0
4.845 2 AMSYS_AIRSPEED 3351 5.837797 3.113925 3.348288 23.185318
4.865 2 INS -345 -277 -135 -730736 -585024 4139 -750 -604 -4
4.881 2 BMP_STATUS 334234 31944 102426 322
4.921 2 ROTORCRAFT_FP -277 -345 145 -585024 -730736 15506 4217 863 -120 0 0 0 0 0 0
4.945 2 AMSYS_AIRSPEED 3374 7.652247 3.565153 3.369541 23.155945
5.020 2 GPS_INT 0 0 0 0 0 0 0 0 0 0 0 0 0 0 0 0
5.045 2 AMSYS_AIRSPEED 3357 6.311131 3.237705 3.356621 23.185318
5.111 2 DOWNLINK_STATUS 5 5369 150 0 1066. 30. 0.
5.115 2 INS -345 -277 -146 -730736 -585024 -16289 -750 -604 -23
5.120 2 WP_MOVED_ENU 8 256 0 -1536
5.145 2 AMSYS_AIRSPEED 3374 7.652247 3.565153 3.377058 23.130768
5.155 2 BMP_STATUS 334247 31946 102432 322
5.171 2 ROTORCRAFT_FP -277 -345 128 -585024 -730736 -20284 4219 863 -119 0 0 0 0 0 0
5.243 2 AMSYS_AIRSPEED 3375 7.731136 3.583483 3.397287 23.210499
5.268 2 GPS_INT 0 0 0 0 0 0 0 0 0 0 0 0 0 0 0 0
5.345 2 AMSYS_AIRSPEED 3358 6.39002 3.257878 3.383625 23.210499
5.364 2 INS -345 -277 -126 -730736 -585024 20530 -750 -604 18
5.418 2 ROTORCRAFT_FP -277 -345 126 -585024 -730736 -20441 4219 864 -118 0 0 0 0 0 0
5.427 2 BMP_STATUS 334226 31943 102422 322
5.443 2 AMSYS_AIRSPEED 3374 7.652247 3.565153 3.401415 23.185318
5.518 2 GPS_INT 0 0 0 0 0 0 0 0 0 0 0 0 0 0 0 0
5.524 2 ROTORCRAFT_STATUS 0 0 2 0 0 1 0 0 0 0 88 10
5.542 2 AMSYS_AIRSPEED 3357 6.311131 3.237705 3.385371 23.185318
5.612 2 INS -345 -277 -156 -730736 -585024 -37079 -750 -604 -50
5.615 2 PONG 
5.642 2 AMSYS_AIRSPEED 3369 7.257801 3.472052 3.393866 23.155945
5.668 2 ROTORCRAFT_FP -277 -345 157 -585024 -730736 37718 4219 864 -116 0 0 0 0 0 0
5.701 2 BMP_STATUS 334223 31942 102417 322
5.704 2 DL_VALUE 9 0.
5.707 2 ROTORCRAFT_NAV_STATUS 10 0 0 1 0
5.742 2 AMSYS_AIRSPEED 3363 6.784466 3.356925 3.390245 23.185318
5.767 2 GPS_INT 0 0 0 0 0 0 0 0 0 0 0 0 0 0 0 0
5.842 2 AMSYS_AIRSPEED 3357 6.311131 3.237705 3.375297 23.155945
5.861 2 INS -345 -277 -196 -730736 -585024 -102525 -750 -604 -27
5.917 2 ROTORCRAFT_FP -277 -345 198 -585024 -730736 103792 4219 864 -114 0 0 0 0 0 0
5.941 2 AMSYS_AIRSPEED 3363 6.784466 3.356925 3.373496 23.155945
5.975 2 BMP_STATUS 334225 31941 102418 322
6.016 2 GPS_INT 0 0 0 0 0 0 0 0 0 0 0 0 0 0 0 0
6.040 2 AMSYS_AIRSPEED 3363 6.784466 3.356925 3.371872 23.185318
6.110 2 INS -345 -277 -218 -730736 -585024 -125804 -750 -604 -52
6.111 2 DOWNLINK_STATUS 6 6483 182 0 1114. 32. 5.63
6.140 2 AMSYS_AIRSPEED 3357 6.311131 3.237705 3.358724 23.155945
6.166 2 ROTORCRAFT_FP -277 -345 221 -585024 -730736 127338 4220 865 -113 0 0 0 0 0 0
6.240 2 AMSYS_AIRSPEED 3363 6.784466 3.356925 3.358547 23.185318
6.250 2 BMP_STATUS 334229 31940 102417 322
6.264 2 GPS_INT 0 0 0 0 0 0 0 0 0 0 0 0 0 0 0 0
6.340 2 AMSYS_AIRSPEED 3369 7.257801 3.472052 3.369671 23.185318
6.359 2 INS -345 -277 -235 -730736 -585024 -135351 -750 -604 -67
6.415 2 ROTORCRAFT_FP -277 -345 238 -585024 -730736 137279 4219 865 -112 0 0 0 0 0 0
6.420 2 WP_MOVED_ENU 9 256 256 -768
6.439 2 AMSYS_AIRSPEED 3363 6.784466 3.356925 3.368422 23.185318
6.514 2 GPS_INT 0 0 0 0 0 0 0 0 0 0 0 0 0 0 0 0
6.521 2 BMP_STATUS 334227 31940 102416 322
6.538 2 AMSYS_AIRSPEED 3374 7.652247 3.565153 3.387701 23.155945
6.608 2 INS -345 -277 -248 -730736 -585024 -136923 -750 -604 -66
6.638 2 AMSYS_AIRSPEED 3363 6.784466 3.356925 3.384685 23.185318
6.664 2 ROTORCRAFT_FP -277 -345 251 -585024 -730736 138393 4220 865 -109 0 0 0 0 0 0
6.703 2 ROTORCRAFT_STATUS 0 0 2 0 0 1 0 0 0 0 88 11
6.710 2 ALIVE 201,163,132,29,49,7,215,240,188,191,130,191,147,183,78,4
6.719 2 INS_REF 380523026 58763459 506785682 9243129 1532178 56678 12000 102445
6.738 2 AMSYS_AIRSPEED 3363 6.784466 3.356925 3.381964 23.155945
6.763 2 GPS_INT 0 0 0 0 0 0 0 0 0 0 0 0 0 0 0 0
6.795 2 BMP_STATUS 334232 31940 102418 322
6.800 2 DL_VALUE 10 1.
6.837 2 AMSYS_AIRSPEED 3357 6.311131 3.237705 3.367827 23.185318
6.857 2 INS -345 -277 -248 -730736 -585024 -113728 -750 -604 -32
6.913 2 ROTORCRAFT_FP -277 -345 251 -585024 -730736 115042 4220 865 -107 0 0 0 0 0 0
6.937 2 AMSYS_AIRSPEED 3369 7.257801 3.472052 3.378041 23.185318
7.012 2 GPS_INT 0 0 0 0 0 0 0 0 0 0 0 0 0 0 0 0
7.036 2 AMSYS_AIRSPEED 3364 6.863356 3.376385 3.377879 23.210499
7.067 2 BMP_STATUS 334230 31940 102417 322
7.106 2 INS -345 -277 -250 -730736 -585024 -97338 -750 -604 -43
7.112 2 DOWNLINK_STATUS 7 7597 213 0 1114. 31. 5.63
7.137 2 AMSYS_AIRSPEED 3374 7.652247 3.565153 3.396232 23.185318
7.162 2 ROTORCRAFT_FP -277 -345 252 -585024 -730736 98507 4219 866 -107 0 0 0 0 0 0
7.237 2 AMSYS_AIRSPEED 3380 8.125582 3.673761 3.423429 23.185318
7.260 2 GPS_INT 0 0 0 0 0 0 0 0 0 0 0 0 0 0 0 0
7.298 2 ROTORCRAFT_NAV_STATUS 11 0 0 1 0
7.335 2 AMSYS_AIRSPEED 3363 6.784466 3.356925 3.416912 23.155945
7.341 2 BMP_STATUS 334229 31942 102420 322
7.355 2 INS -345 -277 -239 -730736 -585024 -60195 -750 -604 -74
7.399 2 IMU_MAG_RAW -432 -231 -289
7.415 2 ROTORCRAFT_FP -277 -345 240 -585024 -730736 60820 4219 865 -105 0 0 0 0 0 0
7.435 2 AMSYS_AIRSPEED 3357 6.311131 3.237705 3.39935 23.155945
7.510 2 GPS_INT 0 0 0 0 0 0 0 0 0 0 0 0 0 0 0 0
7.534 2 AMSYS_AIRSPEED 3363 6.784466 3.356925 3.395192 23.185318
7.604 2 INS -345 -277 -246 -730736 -585024 -63420 -750 -604 -22
7.615 2 BMP_STATUS 334253 31942 102429 322
7.634 2 AMSYS_AIRSPEED 3374 7.652247 3.565153 3.411848 23.155945
7.660 2 ROTORCRAFT_FP -277 -345 200 -585024 -730736 -22106 4219 864 -105 0 0 0 0 0 0
7.698 2 WP_MOVED_ENU 0 10752 10752 -3072
7.734 2 AMSYS_AIRSPEED 3357 6.311131 3.237705 3.394782 23.155945
7.759 2 GPS_INT 0 0 0 0 0 0 0 0 0 0 0 0 0 0 0 0
7.835 2 AMSYS_AIRSPEED 3363 6.784466 3.356925 3.391072 23.185318
7.853 2 INS -345 -277 -198 -730736 -585024 21855 -750 -604 -27
7.888 2 BMP_STATUS 334227 31941 102419 322
7.909 2 ROTORCRAFT_FP -277 -345 204 -585024 -730736 -10957 4219 864 -105 0 0 0 0 0 0
7.911 2 DL_VALUE 11 100.
7.918 2 ROTORCRAFT_STATUS 0 0 2 0 0 1 0 0 0 0 88 12
7.933 2 AMSYS_AIRSPEED 3346 5.443351 3.006886 3.353422 23.155945
8.007 2 GPS_INT 0 0 0 0 0 0 0 0 0 0 0 0 0 0 0 0
8.032 2 AMSYS_AIRSPEED 3363 6.784466 3.356925 3.353765 23.155945
8.103 2 INS -345 -277 -202 -730736 -585024 10354 -750 -604 2
8.113 2 DOWNLINK_STATUS 8 8659 243 0 1062. 30. 5.63
8.132 2 AMSYS_AIRSPEED 3369 7.257801 3.472052 3.365357 23.185318
8.158 2 ROTORCRAFT_FP -277 -345 202 -585024 -730736 -10473 4218 864 -104 0 0 0 0 0 0
8.164 2 BMP_STATUS 334245 31940 102423 322
8.232 2 AMSYS_AIRSPEED 3369 7.257801 3.472052 3.375813 23.185318
8.257 2 GPS_INT 0 0 0 0 0 0 0 0 0 0 0 0 0 0 0 0
8.331 2 AMSYS_AIRSPEED 3369 7.257801 3.472052 3.385245 23.185318
8.351 2 INS -345 -277 -191 -730736 -585024 26934 -750 -604 -25
8.407 2 ROTORCRAFT_FP -277 -345 191 -585024 -730736 -27272 4218 865 -105 0 0 0 0 0 0
8.431 2 AMSYS_AIRSPEED 3369 7.257801 3.472052 3.393752 23.155945
8.436 2 BMP_STATUS 334229 31942 102420 322
8.506 2 GPS_INT 0 0 0 0 0 0 0 0 0 0 0 0 0 0 0 0
8.530 2 AMSYS_AIRSPEED 3369 7.257801 3.472052 3.401425 23.185318
8.601 2 INS -345 -277 -194 -730736 -585024 17175 -750 -604 -45
8.630 2 AMSYS_AIRSPEED 3374 7.652247 3.565153 3.41747 23.185318
8.656 2 ROTORCRAFT_FP -277 -345 194 -585024 -730736 -17218 4218 865 -105 0 0 0 0 0 0
8.663 2 I2C_ERRORS 61464 58783 61464 58783 61464 58783 61464 58783 -442503144 0
8.692 2 UART_ERRORS 0 0 0 1
8.709 2 BMP_STATUS 334233 31940 102418 322
8.730 2 AMSYS_AIRSPEED 3363 6.784466 3.356925 3.411537 23.185318
8.755 2 GPS_INT 0 0 0 0 0 0 0 0 0 0 0 0 0 0 0 0
8.795 2 ALIVE 201,163,132,29,49,7,215,240,188,191,130,191,147,183,78,4
8.830 2 AMSYS_AIRSPEED 3351 5.837797 3.113925 3.382371 23.185318
8.850 2 INS -345 -277 -205 -730736 -585024 -2900 -750 -604 -22
8.905 2 ROTORCRAFT_FP -277 -345 205 -585024 -730736 3179 4217 865 -105 0 0 0 0 0 0
8.909 2 ROTORCRAFT_NAV_STATUS 13 0 0 1 0
8.929 2 AMSYS_AIRSPEED 3369 7.257801 3.472052 3.391159 23.185318
8.981 2 BMP_STATUS 334230 31943 102424 322
9.003 2 GPS_INT 0 0 0 0 0 0 0 0 0 0 0 0 0 0 0 0
9.006 2 DL_VALUE 12 100.
9.011 2 WP_MOVED_ENU 1 -51 -153 -2688
9.029 2 AMSYS_AIRSPEED 3363 6.784466 3.356925 3.387804 23.185318
9.098 2 INS -345 -277 -191 -730736 -585024 19646 -750 -604 10
9.104 2 ROTORCRAFT_STATUS 0 0 2 0 0 1 0 0 0 0 88 13
9.113 2 DOWNLINK_STATUS 9 9788 276 0 1129. 33. 5.63
9.128 2 AMSYS_AIRSPEED 3363 6.784466 3.356925 3.384778 23.185318
9.153 2 ROTORCRAFT_FP -277 -345 190 -585024 -730736 -19643 4217 865 -106 0 0 0 0 0 0
9.228 2 AMSYS_AIRSPEED 3358 6.39002 3.257878 3.372342 23.210499
9.254 2 GPS_INT 0 0 0 0 0 0 0 0 0 0 0 0 0 0 0 0
9.259 2 BMP_STATUS 334247 31941 102426 322
9.327 2 AMSYS_AIRSPEED 3369 7.257801 3.472052 3.382113 23.210499
9.347 2 INS -345 -277 -174 -730736 -585024 43238 -750 -604 31
9.403 2 ROTORCRAFT_FP -277 -345 173 -585024 -730736 -43053 4217 865 -107 0 0 0 0 0 0
9.427 2 AMSYS_AIRSPEED 3363 6.784466 3.356925 3.379645 23.185318
9.502 2 GPS_INT 0 0 0 0 0 0 0 0 0 0 0 0 0 0 0 0
9.526 2 AMSYS_AIRSPEED 3363 6.784466 3.356925 3.377418 23.155945
9.532 2 BMP_STATUS 334248 31941 102427 322
9.596 2 INS -345 -277 -160 -730736 -585024 59259 -750 -604 15
9.626 2 AMSYS_AIRSPEED 3357 6.311131 3.237705 3.363726 23.185318
9.652 2 ROTORCRAFT_FP -277 -345 158 -585024 -730736 -59405 4216 865 -109 0 0 0 0 0 0
9.726 2 AMSYS_AIRSPEED 3369 7.257801 3.472052 3.374342 23.185318
9.753 2 GPS_INT 0 0 0 0 0 0 0 0 0 0 0 0 0 0 0 0
9.803 2 BMP_STATUS 334221 31943 102420 322
9.826 2 AMSYS_AIRSPEED 3363 6.784466 3.356925 3.372635 23.185318
9.850 2 INS -345 -277 -173 -730736 -585024 24412 -750 -604 -19
9.900 2 ROTORCRAFT_FP -277 -345 172 -585024 -730736 -24424 4215 864 -109 0 0 0 0 0 0
9.924 2 AMSYS_AIRSPEED 3363 6.784466 3.356925 3.371095 23.185318
10.002 2 GPS_INT 0 0 0 0 0 0 0 0 0 0 0 0 0 0 0 0
10.003 2 WIND_INFO 2 42 0. 0. 0.
10.025 2 AMSYS_AIRSPEED 3357 6.311131 3.237705 3.358023 23.185318
10.075 2 BMP_STATUS 334237 31942 102423 322
10.094 2 INS -345 -277 -174 -730736 -585024 16919 -750 -604 -18
10.097 2 DL_VALUE 13 0.
10.114 2 DOWNLINK_STATUS 10 10799 303 0 1011. 27. 5.63
10.124 2 AMSYS_AIRSPEED 3369 7.257801 3.472052 3.369198 23.155945
10.149 2 ROTORCRAFT_FP -277 -345 174 -585024 -730736 -16804 4215 864 -111 0 0 0 0 0 0
10.223 2 AMSYS_AIRSPEED 3357 6.311131 3.237705 3.356312 23.185318
10.249 2 GPS_INT 0 0 0 0 0 0 0 0 0 0 0 0 0 0 0 0
10.288 2 ROTORCRAFT_STATUS 0 0 2 0 0 1 0 0 0 0 88 14
10.293 2 WP_MOVED_ENU 2 0 0 -2688
10.323 2 AMSYS_AIRSPEED 3374 7.652247 3.565153 3.376778 23.155945
10.344 2 INS -345 -277 -172 -730736 -585024 16405 -750 -604 51
10.349 2 BMP_STATUS 334252 31942 102428 322
10.387 2 IMU_MAG_RAW -433 -228 -290
10.403 2 ROTORCRAFT_FP -277 -345 158 -585024 -730736 -39428 4214 864 -113 0 0 0 0 0 0
10.423 2 AMSYS_AIRSPEED 3363 6.784466 3.356925 3.374832 23.185318
10.498 2 GPS_INT 0 0 0 0 0 0 0 0 0 0 0 0 0 0 0 0
10.501 2 ROTORCRAFT_NAV_STATUS 15 0 0 1 0
10.523 2 AMSYS_AIRSPEED 3369 7.257801 3.472052 3.38436 23.185318
10.592 2 INS -345 -277 -154 -730736 -585024 39852 -750 -604 4
10.616 2 PONG 
10.622 2 AMSYS_AIRSPEED 3369 7.257801 3.472052 3.392954 23.185318
10.628 2 BMP_STATUS 334243 31942 102425 322
10.648 2 ROTORCRAFT_FP -277 -345 157 -585024 -730736 -32891 4213 863 -115 0 0 0 0 0 0
10.722 2 AMSYS_AIRSPEED 3369 7.257801 3.472052 3.400705 23.185318
10.747 2 GPS_INT 0 0 0 0 0 0 0 0 0 0 0 0 0 0 0 0
10.822 2 AMSYS_AIRSPEED 3363 6.784466 3.356925 3.396415 23.155945
10.843 2 INS -345 -277 -154 -730736 -585024 33781 -750 -604 -3
10.896 2 ROTORCRAFT_FP -277 -345 153 -585024 -730736 -33810 4213 863 -114 0 0 0 0 0 0
10.902 2 ALIVE 201,163,132,29,49,7,215,240,188,191,130,191,147,183,78,4
10.908 2 BMP_STATUS 334248 31943 102430 322
10.921 2 AMSYS_AIRSPEED 3363 6.784466 3.356925 3.392545 23.185318
10.947 2 WIND_INFO 2 42 0. 0. 0.
10.996 2 GPS_INT 0 0 0 0 0 0 0 0 0 0 0 0 0 0 0 0
11.020 2 AMSYS_AIRSPEED 3363 6.784466 3.356925 3.389054 23.185318
11.090 2 INS -345 -277 -136 -730736 -585024 55770 -750 -604 13
11.114 2 DOWNLINK_STATUS 11 11879 334 0 1080. 31. 5.69
11.120 2 AMSYS_AIRSPEED 3357 6.311131 3.237705 3.374222 23.155945
11.147 2 ROTORCRAFT_FP -277 -345 135 -585024 -730736 -56013 4211 863 -116 0 0 0 0 0 0
11.170 2 BMP_STATUS 334237 31943 102426 322
11.182 2 DL_VALUE 14 0.
11.221 2 AMSYS_AIRSPEED 3363 6.784466 3.356925 3.372526 23.185318
11.246 2 GPS_INT 0 0 0 0 0 0 0 0 0 0 0 0 0 0 0 0
11.319 2 AMSYS_AIRSPEED 3369 7.257801 3.472052 3.38228 23.155945
11.342 2 INS -345 -277 -139 -730736 -585024 42360 -750 -604 3
11.395 2 ROTORCRAFT_FP -277 -345 138 -585024 -730736 -42335 4211 862 -116 0 0 0 0 0 0
11.419 2 AMSYS_AIRSPEED 3363 6.784466 3.356925 3.379795 23.155945
11.443 2 BMP_STATUS 334252 31943 102432 322
11.494 2 GPS_INT 0 0 0 0 0 0 0 0 0 0 0 0 0 0 0 0
11.500 2 ROTORCRAFT_STATUS 0 0 2 0 0 1 0 0 0 0 88 16
11.519 2 AMSYS_AIRSPEED 3369 7.257801 3.472052 3.388836 23.155945
11.589 2 INS -345 -277 -120 -730736 -585024 64355 -750 -604 -33
11.593 2 WP_MOVED_ENU 3 -1459 -1177 -2688
11.618 2 AMSYS_AIRSPEED 3369 7.257801 3.472052 3.396991 23.185318
11.644 2 ROTORCRAFT_FP -277 -345 119 -585024 -730736 -64626 4212 863 -118 0 0 0 0 0 0
11.716 2 BMP_STATUS 334237 31941 102423 322
11.723 2 AMSYS_AIRSPEED 3369 7.257801 3.472052 3.404347 23.185318
11.743 2 GPS_INT 0 0 0 0 0 0 0 0 0 0 0 0 0 0 0 0
11.786 2 INS_REF 380523026 58763459 506785682 9243129 1532178 56678 12000 102445
11.817 2 AMSYS_AIRSPEED 3369 7.257801 3.472052 3.410982 23.185318
11.844 2 INS -345 -277 -139 -730736 -585024 21345 -750 -604 24
11.892 2 ROTORCRAFT_FP -277 -345 139 -585024 -730736 -21507 4210 863 -120 0 0 0 0 0 0
11.916 2 AMSYS_AIRSPEED 3369 7.257801 3.472052 3.416967 23.185318
11.992 2 GPS_INT 0 0 0 0 0 0 0 0 0 0 0 0 0 0 0 0
11.997 2 BMP_STATUS 334241 31944 102429 322
12.016 2 AMSYS_AIRSPEED 3357 6.311131 3.237705 3.399399 23.155945
12.086 2 INS -345 -277 -134 -730736 -585024 26481 -750 -604 60
12.089 2 ROTORCRAFT_NAV_STATUS 16 0 0 1 0
12.115 2 DOWNLINK_STATUS 12 12983 365 0 1104. 31. 5.69
12.117 2 AMSYS_AIRSPEED 3363 6.784466 3.356925 3.395237 23.155945
12.143 2 ROTORCRAFT_FP -277 -345 133 -585024 -730736 -26874 4210 863 -122 0 0 0 0 0 0
12.217 2 AMSYS_AIRSPEED 3358 6.39002 3.257878 3.381776 23.210499
12.242 2 GPS_INT 0 0 0 0 0 0 0 0 0 0 0 0 0 0 0 0
12.263 2 BMP_STATUS 334242 31942 102424 322
12.277 2 DL_VALUE 15 0.
12.315 2 AMSYS_AIRSPEED 3357 6.311131 3.237705 3.367657 23.185318
12.335 2 INS -345 -277 -147 -730736 -585024 -278 -750 -604 -23
12.391 2 ROTORCRAFT_FP -277 -345 147 -585024 -730736 366 4209 863 -123 0 0 0 0 0 0
12.415 2 AMSYS_AIRSPEED 3369 7.257801 3.472052 3.377887 23.185318
12.490 2 GPS_INT 0 0 0 0 0 0 0 0 0 0 0 0 0 0 0 0
12.515 2 AMSYS_AIRSPEED 3363 6.784466 3.356925 3.375833 23.185318
12.536 2 BMP_STATUS 334231 31942 102420 322
12.585 2 INS -345 -277 -170 -730736 -585024 -39849 -750 -604 -30
12.614 2 AMSYS_AIRSPEED 3369 7.257801 3.472052 3.385262 23.185318
12.640 2 ROTORCRAFT_FP -277 -345 171 -585024 -730736 40240 4210 863 -122 0 0 0 0 0 0
12.679 2 ROTORCRAFT_STATUS 0 0 2 0 0 1 0 0 0 0 88 17
12.714 2 I2C_ERRORS 61464 58783 61464 58783 61464 58783 61464 58783 -442503144 1
12.720 2 AMSYS_AIRSPEED 3369 7.257801 3.472052 3.393768 23.155945
12.738 2 GPS_INT 0 0 0 0 0 0 0 0 0 0 0 0 0 0 0 0
12.809 2 BMP_STATUS 334228 31943 102423 322
12.816 2 AMSYS_AIRSPEED 3363 6.784466 3.356925 3.390157 23.155945
12.833 2 INS -345 -277 -177 -730736 -585024 -45777 -750 -604 -44
12.889 2 ROTORCRAFT_FP -277 -345 178 -585024 -730736 46045 4209 863 -121 0 0 0 0 0 0
12.893 2 WP_MOVED_ENU 4 -204 -204 -2688
12.913 2 AMSYS_AIRSPEED 3357 6.311131 3.237705 3.375217 23.155945
12.988 2 GPS_INT 0 0 0 0 0 0 0 0 0 0 0 0 0 0 0 0
12.994 2 ALIVE 201,163,132,29,49,7,215,240,188,191,130,191,147,183,78,4
13.012 2 AMSYS_AIRSPEED 3369 7.257801 3.472052 3.384706 23.185318
13.086 2 INS -345 -277 -183 -730736 -585024 -47431 -750 -604 10
13.088 2 BMP_STATUS 334244 31946 102430 322
13.112 2 AMSYS_AIRSPEED 3369 7.257801 3.472052 3.393266 23.155945
13.122 2 DOWNLINK_STATUS 13 14110 397 0 1127. 32. 5.69
13.139 2 ROTORCRAFT_FP -277 -345 160 -585024 -730736 7403 4210 863 -120 0 0 0 0 0 0
13.212 2 AMSYS_AIRSPEED 3363 6.784466 3.356925 3.389705 23.155945
13.237 2 GPS_INT 0 0 0 0 0 0 0 0 0 0 0 0 0 0 0 0
13.311 2 AMSYS_AIRSPEED 3363 6.784466 3.356925 3.386492 23.185318
13.331 2 INS -345 -277 -161 -730736 -585024 -8639 -750 -604 -20
13.357 2 BMP_STATUS 334243 31943 102429 322
13.375 2 IMU_MAG_RAW -429 -232 -285
13.392 2 ROTORCRAFT_FP -277 -345 149 -585024 -730736 -11368 4209 863 -119 0 0 0 0 0 0
13.395 2 DL_VALUE 16 0.
13.411 2 AMSYS_AIRSPEED 3363 6.784466 3.356925 3.383595 23.155945
13.486 2 GPS_INT 0 0 0 0 0 0 0 0 0 0 0 0 0 0 0 0
13.511 2 AMSYS_AIRSPEED 3374 7.652247 3.565153 3.401387 23.155945
13.580 2 INS -345 -277 -148 -730736 -585024 10027 -750 -604 -5
13.610 2 AMSYS_AIRSPEED 3351 5.837797 3.113925 3.373216 23.130768
13.636 2 ROTORCRAFT_FP -277 -345 148 -585024 -730736 -9884 4209 863 -119 0 0 0 0 0 0
13.641 2 BMP_STATUS 334245 31945 102431 322
13.672 2 ROTORCRAFT_NAV_STATUS 18 0 0 1 0
13.710 2 AMSYS_AIRSPEED 3363 6.784466 3.356925 3.371619 23.185318
13.735 2 GPS_INT 0 0 0 0 0 0 0 0 0 0 0 0 0 0 0 0
13.809 2 AMSYS_AIRSPEED 3369 7.257801 3.472052 3.381462 23.185318
13.829 2 INS -345 -277 -132 -730736 -585024 32129 -750 -604 -20
13.885 2 ROTORCRAFT_FP -277 -345 132 -585024 -730736 -32145 4209 862 -117 0 0 0 0 0 0
13.891 2 ROTORCRAFT_STATUS 0 0 2 0 0 1 0 0 0 0 88 18
13.903 2 BMP_STATUS 334261 31944 102436 322
13.909 2 AMSYS_AIRSPEED 3363 6.784466 3.356925 3.379057 23.155945
13.984 2 GPS_INT 0 0 0 0 0 0 0 0 0 0 0 0 0 0 0 0
14.008 2 AMSYS_AIRSPEED 3363 6.784466 3.356925 3.376888 23.185318
14.078 2 INS -345 -277 -103 -730736 -585024 71314 -750 -604 -1
14.108 2 AMSYS_AIRSPEED 3369 7.257801 3.472052 3.386214 23.185318
14.116 2 DOWNLINK_STATUS 14 15153 426 0 1043. 29. 5.69
14.134 2 ROTORCRAFT_FP -277 -345 102 -585024 -730736 -71378 4210 862 -115 0 0 0 0 0 0
14.172 2 WP_MOVED_ENU 5 -204 -204 -2688
14.178 2 BMP_STATUS 334257 31947 102438 322
14.208 2 AMSYS_AIRSPEED 3369 7.257801 3.472052 3.394626 23.155945
14.234 2 GPS_INT 0 0 0 0 0 0 0 0 0 0 0 0 0 0 0 0
14.307 2 AMSYS_AIRSPEED 3363 6.784466 3.356925 3.390931 23.185318
14.327 2 INS -345 -277 -76 -730736 -585024 98926 -750 -604 51
14.383 2 ROTORCRAFT_FP -277 -345 74 -585024 -730736 -101586 4389 861 236 0 0 0 0 0 0
14.407 2 AMSYS_AIRSPEED 3351 5.837797 3.113925 3.363785 23.185318
14.450 2 BMP_STATUS 334273 31946 102441 322
14.482 2 GPS_INT 0 0 0 0 0 0 0 0 0 0 0 0 0 0 0 0
14.485 2 DL_VALUE 17 0.
14.507 2 AMSYS_AIRSPEED 3357 6.311131 3.237705 3.351429 23.185318
14.576 2 INS -345 -277 -48 -730736 -585024 130342 -750 -604 -87
14.607 2 AMSYS_AIRSPEED 3369 7.257801 3.472052 3.36325 23.210499
14.632 2 ROTORCRAFT_FP -277 -345 45 -585024 -730736 -131005 4523 918 593 0 0 0 0 0 0
14.706 2 AMSYS_AIRSPEED 3369 7.257801 3.472052 3.373913 23.185318
14.731 2 GPS_INT 0 0 0 0 0 0 0 0 0 0 0 0 0 0 0 0
14.739 2 BMP_STATUS 334243 31947 102433 322
14.806 2 AMSYS_AIRSPEED 3351 5.837797 3.113925 3.348434 23.155945
14.825 2 INS -345 -277 -56 -730736 -585024 100191 -750 -604 -44
14.881 2 ROTORCRAFT_FP -277 -345 53 -585024 -730736 -101265 4561 976 553 0 0 0 0 0 0
14.905 2 AMSYS_AIRSPEED 3363 6.784466 3.356925 3.349266 23.155945
14.980 2 GPS_INT 0 0 0 0 0 0 0 0 0 0 0 0 0 0 0 0
14.997 2 BMP_STATUS 334254 31946 102434 322
15.004 2 AMSYS_AIRSPEED 3374 7.652247 3.565153 3.370423 23.155945
15.074 2 INS -345 -277 -60 -730736 -585024 81043 -750 -604 -31
15.080 2 ROTORCRAFT_STATUS 0 0 2 0 0 1 0 0 0 0 88 19
15.086 2 ALIVE 201,163,132,29,49,7,215,240,188,191,130,191,147,183,78,4
15.104 2 AMSYS_AIRSPEED 3386 8.598917 3.77925 3.410488 23.130768
15.116 2 DOWNLINK_STATUS 15 16229 456 0 1076. 30. 5.69
15.130 2 ROTORCRAFT_FP -277 -345 58 -585024 -730736 -80791 4403 879 892 0 0 0 0 0 0
15.204 2 AMSYS_AIRSPEED 3369 7.257801 3.472052 3.416521 23.185318
15.229 2 GPS_INT 0 0 0 0 0 0 0 0 0 0 0 0 0 0 0 0
15.266 2 ROTORCRAFT_NAV_STATUS 19 0 0 1 0
15.272 2 BMP_STATUS 334251 31948 102438 322
15.303 2 AMSYS_AIRSPEED 3363 6.784466 3.356925 3.41068 23.185318
15.323 2 INS -345 -277 -52 -730736 -585024 80250 -750 -604 79
15.379 2 ROTORCRAFT_FP -277 -345 50 -585024 -730736 -80362 4317 850 846 0 0 0 0 0 0
15.403 2 AMSYS_AIRSPEED 3357 6.311131 3.237705 3.393729 23.155945
15.478 2 GPS_INT 0 0 0 0 0 0 0 0 0 0 0 0 0 0 0 0
15.483 2 WP_MOVED_ENU 6 -230 -230 -2688
15.503 2 AMSYS_AIRSPEED 3363 6.784466 3.356925 3.390122 23.155945
15.543 2 BMP_STATUS 334233 31947 102429 322
15.572 2 INS -345 -277 0 -730736 -585024 -31 -750 -604 92
15.575 2 DL_VALUE 18 13.
15.602 2 AMSYS_AIRSPEED 3369 7.257801 3.472052 3.398151 23.185318
15.627 2 ROTORCRAFT_FP -277 -345 0 -585024 -730736 -851 4270 825 800 0 0 0 0 0 0
15.629 2 PONG 
15.701 2 AMSYS_AIRSPEED 3357 6.311131 3.237705 3.382427 23.185318
15.726 2 GPS_INT 0 0 0 0 0 0 0 0 0 0 0 0 0 0 0 0
15.801 2 AMSYS_AIRSPEED 3357 6.311131 3.237705 3.368244 23.155945
15.821 2 INS -345 -277 0 -730736 -585024 4128 -750 -604 -233
15.827 2 BMP_STATUS 334251 31949 102441 322
15.879 2 ROTORCRAFT_FP -277 -345 -49 -585024 -730736 -79701 4216 791 756 0 0 0 0 0 0
15.901 2 AMSYS_AIRSPEED 3363 6.784466 3.356925 3.367135 23.155945
15.976 2 GPS_INT 0 0 0 0 0 0 0 0 0 0 0 0 0 0 0 0
16.000 2 AMSYS_AIRSPEED 3357 6.311131 3.237705 3.354451 23.155945
16.070 2 INS -345 -277 57 -730736 -585024 79970 -750 -604 -87
16.091 2 BMP_STATUS 334244 31948 102435 322
16.100 2 AMSYS_AIRSPEED 3369 7.257801 3.472052 3.365976 23.155945
16.117 2 DOWNLINK_STATUS 16 17278 486 0 1049. 30. 18.49
16.126 2 ROTORCRAFT_FP -277 -345 -55 -585024 -730736 -72862 4239 799 791 0 0 0 0 0 0
16.200 2 AMSYS_AIRSPEED 3363 6.784466 3.356925 3.365089 23.155945
16.225 2 GPS_INT 0 0 0 0 0 0 0 0 0 0 0 0 0 0 0 0
16.265 2 ROTORCRAFT_STATUS 0 0 2 0 0 1 0 0 0 0 88 20
16.300 2 AMSYS_AIRSPEED 3357 6.311131 3.237705 3.352605 23.155945
16.319 2 INS -345 -277 62 -730736 -585024 62388 -750 -604 114
16.363 2 IMU_MAG_RAW -458 -206 -241
16.369 2 BMP_STATUS 334256 31948 102439 322
16.386 2 ROTORCRAFT_FP -277 -345 -63 -585024 -730736 -66384 4532 1103 -31 0 0 0 0 0 0
16.399 2 AMSYS_AIRSPEED 3340 4.970016 2.873178 3.305621 23.155945
16.474 2 GPS_INT 0 0 0 0 0 0 0 0 0 0 0 0 0 0 0 0
16.499 2 AMSYS_AIRSPEED 3351 5.837797 3.113925 3.286835 23.185318
16.568 2 INS -345 -277 79 -730736 -585024 88737 -750 -604 338
16.598 2 AMSYS_AIRSPEED 3375 7.731136 3.583483 3.315907 23.210499
16.624 2 ROTORCRAFT_FP -277 -345 -81 -585024 -730736 -90669 4443 1103 -793 0 0 0 0 0 0
16.638 2 BMP_STATUS 334245 31947 102434 322
16.660 2 DL_VALUE 19 0.
16.701 2 AMSYS_AIRSPEED 3351 5.837797 3.113925 3.296112 23.185318
16.724 2 GPS_INT 0 0 0 0 0 0 0 0 0 0 0 0 0 0 0 0
16.761 2 WP_MOVED_ENU 7 0 256 -2304
16.797 2 AMSYS_AIRSPEED 3357 6.311131 3.237705 3.290388 23.185318
16.817 2 INS -345 -277 71 -730736 -585024 51730 -750 -604 -530
16.873 2 ROTORCRAFT_FP -277 -345 -72 -585024 -730736 -52535 4600 1443 -668 0 0 0 0 0 0
16.876 2 ROTORCRAFT_NAV_STATUS 1 0 1 1 0
16.897 2 AMSYS_AIRSPEED 3363 6.784466 3.356925 3.296909 23.185318
16.911 2 BMP_STATUS 334265 31949 102446 322
16.972 2 GPS_INT 0 0 0 0 0 0 0 0 0 0 0 0 0 0 0 0
16.996 2 AMSYS_AIRSPEED 3363 6.784466 3.356925 3.30279 23.155945
17.066 2 INS -345 -277 104 -730736 -585024 89335 -750 -604 434
17.096 2 AMSYS_AIRSPEED 3369 7.257801 3.472052 3.319378 23.155945
17.117 2 DOWNLINK_STATUS 17 18340 516 0 1062. 30. 18.49
17.122 2 ROTORCRAFT_FP -277 -345 -107 -585024 -730736 -97924 4444 1929 -992 0 0 0 0 0 0
17.161 2 ALIVE 201,163,132,29,49,7,215,240,188,191,130,191,147,183,78,4
17.184 2 BMP_STATUS 334283 31948 102449 322
17.196 2 AMSYS_AIRSPEED 3369 7.257801 3.472052 3.33434 23.185318
17.221 2 GPS_INT 0 0 0 0 0 0 0 0 0 0 0 0 0 0 0 0
17.296 2 AMSYS_AIRSPEED 3369 7.257801 3.472052 3.347836 23.185318
17.315 2 INS -345 -277 138 -730736 -585024 117582 -750 -604 130
17.371 2 ROTORCRAFT_FP -277 -345 -140 -585024 -730736 -118395 4472 1861 -896 0 0 0 0 0 0
17.395 2 AMSYS_AIRSPEED 3358 6.39002 3.257878 3.33902 23.210499
17.457 2 BMP_STATUS 334237 31949 102435 322
17.474 2 GPS_INT 0 0 0 0 0 0 0 0 0 0 0 0 0 0 0 0
17.479 2 ROTORCRAFT_STATUS 0 0 2 0 0 1 0 0 0 0 88 22
17.494 2 AMSYS_AIRSPEED 3374 7.652247 3.565153 3.361181 23.185318
17.564 2 INS -345 -277 112 -730736 -585024 50042 -750 -604 -19
17.593 2 AMSYS_AIRSPEED 3369 7.257801 3.472052 3.372046 23.155945
17.619 2 ROTORCRAFT_FP -277 -345 -113 -585024 -730736 -48932 4623 1456 -619 0 0 0 0 0 0
17.693 2 AMSYS_AIRSPEED 3374 7.652247 3.565153 3.39097 23.185318
17.719 2 GPS_INT 0 0 0 0 0 0 0 0 0 0 0 0 0 0 0 0
17.731 2 BMP_STATUS 334259 31949 102444 322
17.755 2 DL_VALUE 20 0.
17.793 2 AMSYS_AIRSPEED 3374 7.652247 3.565153 3.408041 23.185318
17.813 2 INS -345 -277 121 -730736 -585024 64909 -750 -604 1224
17.869 2 ROTORCRAFT_FP -277 -345 -123 -585024 -730736 -62167 4520 831 -204 0 0 0 0 0 0
17.894 2 AMSYS_AIRSPEED 3357 6.311131 3.237705 3.391348 23.155945
17.968 2 GPS_INT 0 0 0 0 0 0 0 0 0 0 0 0 0 0 0 0
17.993 2 AMSYS_AIRSPEED 3369 7.257801 3.472052 3.399257 23.155945
18.005 2 BMP_STATUS 334253 31950 102441 322
18.062 2 INS -345 -277 117 -730736 -585024 40632 -750 -604 73
18.067 2 WP_MOVED_ENU 8 256 0 -1536
18.092 2 AMSYS_AIRSPEED 3374 7.652247 3.565153 3.415515 23.185318
18.118 2 ROTORCRAFT_FP -277 -345 -118 -585024 -730736 -42319 4478 854 -199 0 0 0 0 0 0
18.119 2 DOWNLINK_STATUS 18 19480 547 0 1140. 31. 18.49
18.192 2 AMSYS_AIRSPEED 3358 6.39002 3.257878 3.400066 23.210499
18.218 2 GPS_INT 0 0 0 0 0 0 0 0 0 0 0 0 0 0 0 0
18.278 2 BMP_STATUS 334246 31950 102439 322
18.292 2 AMSYS_AIRSPEED 3357 6.311131 3.237705 3.384155 23.185318
18.312 2 INS -345 -277 107 -730736 -585024 26937 -750 -604 71
18.367 2 ROTORCRAFT_FP -277 -345 -108 -585024 -730736 -29055 4474 848 -195 0 0 0 0 0 0
18.390 2 AMSYS_AIRSPEED 3357 6.311131 3.237705 3.369803 23.155945
18.466 2 GPS_INT 0 0 0 0 0 0 0 0 0 0 0 0 0 0 0 0
18.469 2 ROTORCRAFT_NAV_STATUS 2 2 2 0 0
18.490 2 AMSYS_AIRSPEED 3363 6.784466 3.356925 3.368541 23.155945
18.551 2 BMP_STATUS 334242 31952 102444 322
18.562 2 INS -345 -277 115 -730736 -585024 46336 -750 -604 118
18.590 2 AMSYS_AIRSPEED 3363 6.784466 3.356925 3.367402 23.185318
18.615 2 ROTORCRAFT_FP -277 -345 -116 -585024 -730736 -48984 4471 843 -193 0 0 0 0 0 0
18.655 2 ROTORCRAFT_STATUS 0 0 2 0 0 1 0 0 0 0 88 23
18.689 2 AMSYS_AIRSPEED 3358 6.39002 3.257878 3.356669 23.210499
18.715 2 GPS_INT 0 0 0 0 0 0 0 0 0 0 0 0 0 0 0 0
18.789 2 AMSYS_AIRSPEED 3364 6.863356 3.376385 3.358601 23.210499
18.810 2 INS -345 -277 122 -730736 -585024 58341 -750 -604 97
18.825 2 BMP_STATUS 334257 31949 102443 322
18.865 2 ROTORCRAFT_FP -277 -345 -120 -585024 -730736 -55901 4468 840 -192 0 0 0 0 0 0
18.868 2 DL_VALUE 21 1024.
18.889 2 AMSYS_AIRSPEED 3369 7.257801 3.472052 3.369719 23.185318
18.964 2 GPS_INT 0 0 0 0 0 0 0 0 0 0 0 0 0 0 0 0
18.989 2 AMSYS_AIRSPEED 3363 6.784466 3.356925 3.368465 23.155945
19.058 2 INS -345 -277 126 -730736 -585024 65776 -750 -604 105
19.088 2 AMSYS_AIRSPEED 3363 6.784466 3.356925 3.367334 23.155945
19.098 2 BMP_STATUS 334253 31951 102442 322
19.115 2 ROTORCRAFT_FP -277 -345 -119 -585024 -730736 -53970 4465 837 -191 0 0 0 0 0 0
19.119 2 DOWNLINK_STATUS 19 20527 576 0 1047. 29. 18.49
19.188 2 AMSYS_AIRSPEED 3357 6.311131 3.237705 3.354631 23.185318
19.213 2 GPS_INT 0 0 0 0 0 0 0 0 0 0 0 0 0 0 0 0
19.253 2 ALIVE 201,163,132,29,49,7,215,240,188,191,130,191,147,183,78,4
19.288 2 AMSYS_AIRSPEED 3363 6.784466 3.356925 3.354856 23.185318
19.308 2 INS -345 -277 125 -730736 -585024 63244 -750 -604 125
19.359 2 IMU_MAG_RAW -441 -187 -303
19.368 2 ROTORCRAFT_FP -277 -345 -127 -585024 -730736 -65666 4461 833 -190 0 0 0 0 0 0
19.372 2 WP_MOVED_ENU 9 256 256 -768
19.378 2 BMP_STATUS 334253 31954 102449 322
19.386 2 AMSYS_AIRSPEED 3374 7.652247 3.565153 3.375465 23.185318
19.462 2 GPS_INT 0 0 0 0 0 0 0 0 0 0 0 0 0 0 0 0
19.486 2 AMSYS_AIRSPEED 3374 7.652247 3.565153 3.394054 23.155945
19.556 2 INS -345 -277 149 -730736 -585024 99001 -750 -604 92
19.586 2 AMSYS_AIRSPEED 3346 5.443351 3.006886 3.356112 23.155945
19.612 2 ROTORCRAFT_FP -277 -345 -152 -585024 -730736 -101638 4458 830 -191 0 0 0 0 0 0
19.645 2 BMP_STATUS 334250 31952 102447 322
19.687 2 AMSYS_AIRSPEED 3374 7.652247 3.565153 3.376598 23.185318
19.712 2 GPS_INT 0 0 0 0 0 0 0 0 0 0 0 0 0 0 0 0
19.786 2 AMSYS_AIRSPEED 3357 6.311131 3.237705 3.362986 23.155945
19.805 2 INS -345 -277 159 -730736 -585024 107241 -750 -604 89
19.861 2 ROTORCRAFT_FP -277 -345 -162 -585024 -730736 -109675 4456 828 -192 0 0 0 0 0 0
19.867 2 ROTORCRAFT_STATUS 0 0 2 0 0 1 0 0 0 0 88 24
19.885 2 AMSYS_AIRSPEED 3369 7.257801 3.472052 3.373674 23.185318
19.919 2 BMP_STATUS 334260 31951 102445 322
19.960 2 GPS_INT 0 0 0 0 0 0 0 0 0 0 0 0 0 0 0 0
19.963 2 DL_VALUE 22 800.
19.985 2 AMSYS_AIRSPEED 3357 6.311131 3.237705 3.360349 23.185318
20.002 2 WIND_INFO 2 42 0. 0. 0.
20.055 2 INS -345 -277 158 -730736 -585024 96366 -750 -604 81
20.058 2 ROTORCRAFT_NAV_STATUS 3 3 2 0 0
20.085 2 AMSYS_AIRSPEED 3357 6.311131 3.237705 3.34833 23.185318
20.110 2 ROTORCRAFT_FP -277 -345 -161 -585024 -730736 -98783 4454 825 -193 0 0 0 0 0 0
20.120 2 DOWNLINK_STATUS 20 21612 607 0 1085. 31. 18.49
20.184 2 AMSYS_AIRSPEED 3369 7.257801 3.472052 3.360455 23.185318
20.192 2 BMP_STATUS 334257 31954 102450 322
20.210 2 GPS_INT 0 0 0 0 0 0 0 0 0 0 0 0 0 0 0 0
20.283 2 AMSYS_AIRSPEED 3357 6.311131 3.237705 3.348425 23.185318
20.303 2 INS -345 -277 173 -730736 -585024 111483 -750 -604 103
20.359 2 ROTORCRAFT_FP -277 -345 -176 -585024 -730736 -113694 4453 822 -193 0 0 0 0 0 0
20.382 2 AMSYS_AIRSPEED 3351 5.837797 3.113925 3.325444 23.155945
20.458 2 GPS_INT 0 0 0 0 0 0 0 0 0 0 0 0 0 0 0 0
20.465 2 BMP_STATUS 334254 31951 102442 322
20.482 2 AMSYS_AIRSPEED 3369 7.257801 3.472052 3.339812 23.185318
20.552 2 INS -345 -277 157 -730736 -585024 73445 -750 -604 76
20.582 2 AMSYS_AIRSPEED 3363 6.784466 3.356925 3.341489 23.185318
20.608 2 ROTORCRAFT_FP -277 -345 -159 -585024 -730736 -75697 4451 821 -196 0 0 0 0 0 0
20.617 2 PONG 
20.646 2 WP_MOVED_ENU 0 10752 10752 -3072
20.682 2 AMSYS_AIRSPEED 3363 6.784466 3.356925 3.343002 23.185318
20.707 2 GPS_INT 0 0 0 0 0 0 0 0 0 0 0 0 0 0 0 0
20.739 2 BMP_STATUS 334262 31953 102452 322
20.781 2 AMSYS_AIRSPEED 3369 7.257801 3.472052 3.355649 23.185318
20.801 2 INS -345 -277 176 -730736 -585024 100472 -750 -604 73
20.859 2 ROTORCRAFT_FP -277 -345 -178 -585024 -730736 -102764 4450 818 -198 0 0 0 0 0 0
20.864 2 I2C_ERRORS 61464 58783 61464 58783 61464 58783 61464 58783 -442503144 0
20.881 2 AMSYS_AIRSPEED 3374 7.652247 3.565153 3.37618 23.185318
20.948 2 WIND_INFO 2 42 0. 0. 0.
20.956 2 GPS_INT 0 0 0 0 0 0 0 0 0 0 0 0 0 0 0 0
20.981 2 AMSYS_AIRSPEED 3364 6.863356 3.376385 3.3762 23.210499
21.012 2 BMP_STATUS 334256 31955 102454 322
21.051 2 INS -345 -277 196 -730736 -585024 123003 -750 -604 96
21.053 2 DL_VALUE 23 600.
21.059 2 ROTORCRAFT_STATUS 0 0 2 0 0 1 0 0 0 0 88 25
21.063 2 UART_ERRORS 0 0 0 1
21.080 2 AMSYS_AIRSPEED 3363 6.784466 3.356925 3.374311 23.185318
21.106 2 ROTORCRAFT_FP -277 -345 -199 -585024 -730736 -125290 4448 816 -199 0 0 0 0 0 0
21.121 2 DOWNLINK_STATUS 21 22711 639 0 1099. 32. 5.48
21.180 2 AMSYS_AIRSPEED 3357 6.311131 3.237705 3.360924 23.155945
21.204 2 GPS_INT 0 0 0 0 0 0 0 0 0 0 0 0 0 0 0 0
21.279 2 AMSYS_AIRSPEED 3358 6.39002 3.257878 3.350825 23.23148
21.285 2 BMP_STATUS 334243 31953 102445 322
21.299 2 INS -345 -277 181 -730736 -585024 83131 -750 -604 58
21.362 2 ROTORCRAFT_FP -277 -345 -183 -585024 -730736 -85261 4447 815 -201 0 0 0 0 0 0
21.362 2 ALIVE 201,163,132,29,49,7,215,240,188,191,130,191,147,183,78,4
21.379 2 AMSYS_AIRSPEED 3351 5.837797 3.113925 3.327609 23.185318
21.454 2 GPS_INT 0 0 0 0 0 0 0 0 0 0 0 0 0 0 0 0
21.478 2 AMSYS_AIRSPEED 3357 6.311131 3.237705 3.318798 23.185318
21.548 2 INS -345 -277 192 -730736 -585024 94486 -750 -604 108
21.559 2 BMP_STATUS 334272 31954 102456 322
21.579 2 AMSYS_AIRSPEED 3363 6.784466 3.356925 3.322535 23.185318
21.605 2 ROTORCRAFT_FP -277 -345 -205 -585024 -730736 -115058 4445 813 -201 0 0 0 0 0 0
21.641 2 ROTORCRAFT_NAV_STATUS 5 5 2 0 0
21.677 2 AMSYS_AIRSPEED 3363 6.784466 3.356925 3.325905 23.185318
21.704 2 GPS_INT 0 0 0 0 0 0 0 0 0 0 0 0 0 0 0 0
21.777 2 AMSYS_AIRSPEED 3357 6.311131 3.237705 3.317261 23.185318
21.797 2 INS -345 -277 217 -730736 -585024 123984 -750 -604 115
21.832 2 BMP_STATUS 334267 31954 102454 322
21.859 2 ROTORCRAFT_FP -277 -345 -214 -585024 -730736 -116369 4443 812 -204 0 0 0 0 0 0
21.877 2 AMSYS_AIRSPEED 3374 7.652247 3.565153 3.341555 23.155945
21.952 2 GPS_INT 0 0 0 0 0 0 0 0 0 0 0 0 0 0 0 0
21.957 2 WP_MOVED_ENU 1 -51 -153 -2688
21.977 2 AMSYS_AIRSPEED 3346 5.443351 3.006886 3.308757 23.155945
22.047 2 INS -345 -277 226 -730736 -585024 125288 -750 -604 113
22.076 2 AMSYS_AIRSPEED 3346 5.443351 3.006886 3.279174 23.185318
22.102 2 ROTORCRAFT_FP -277 -345 -229 -585024 -730736 -127606 4442 810 -207 0 0 0 0 0 0
22.108 2 BMP_STATUS 334259 31955 102455 322
22.121 2 DOWNLINK_STATUS 22 23766 668 0 1055. 29. 5.48
22.137 2 DL_VALUE 24 100.
22.175 2 AMSYS_AIRSPEED 3357 6.311131 3.237705 3.27511 23.185318
22.200 2 GPS_INT 0 0 0 0 0 0 0 0 0 0 0 0 0 0 0 0
22.240 2 ROTORCRAFT_STATUS 0 0 2 0 0 1 0 0 0 0 88 26
22.276 2 AMSYS_AIRSPEED 3346 5.443351 3.006886 3.248824 23.185318
22.295 2 INS -345 -277 235 -730736 -585024 125170 -750 -604 67
22.338 2 IMU_MAG_RAW -439 -184 -303
22.360 2 ROTORCRAFT_FP -277 -345 -238 -585024 -730736 -127406 4441 808 -209 0 0 0 0 0 0
22.375 2 AMSYS_AIRSPEED 3357 6.311131 3.237705 3.247735 23.185318
22.380 2 BMP_STATUS 334261 31956 102459 322
22.450 2 GPS_INT 0 0 0 0 0 0 0 0 0 0 0 0 0 0 0 0
22.475 2 AMSYS_AIRSPEED 3357 6.311131 3.237705 3.246752 23.185318
22.544 2 INS -345 -277 253 -730736 -585024 139173 -750 -604 48
22.574 2 AMSYS_AIRSPEED 3363 6.784466 3.356925 3.257549 23.185318
22.600 2 ROTORCRAFT_FP -277 -345 -256 -585024 -730736 -141292 4440 805 -213 0 0 0 0 0 0
22.653 2 BMP_STATUS 334259 31955 102455 322
22.675 2 AMSYS_AIRSPEED 3363 6.784466 3.356925 3.267287 23.185318
22.699 2 GPS_INT 0 0 0 0 0 0 0 0 0 0 0 0 0 0 0 0
22.781 2 AMSYS_AIRSPEED 3374 7.652247 3.565153 3.296478 23.185318
22.793 2 INS -345 -277 250 -730736 -585024 118769 -750 -604 123
22.849 2 ROTORCRAFT_FP -277 -345 -253 -585024 -730736 -120605 4439 805 -216 0 0 0 0 0 0
22.873 2 AMSYS_AIRSPEED 3351 5.837797 3.113925 3.278588 23.185318
22.926 2 BMP_STATUS 334274 31958 102464 323
22.948 2 GPS_INT 0 0 0 0 0 0 0 0 0 0 0 0 0 0 0 0
22.973 2 AMSYS_AIRSPEED 3369 7.257801 3.472052 3.297547 23.155945
23.043 2 INS -345 -277 277 -730736 -585024 147542 -750 -604 64
23.073 2 AMSYS_AIRSPEED 3374 7.652247 3.565153 3.323773 23.155945
23.097 2 ROTORCRAFT_FP -277 -345 -281 -585024 -730736 -149649 4438 804 -217 0 0 0 0 0 0
23.122 2 DOWNLINK_STATUS 23 24796 696 0 1030. 28. 5.48
23.172 2 AMSYS_AIRSPEED 3364 6.863356 3.376385 3.328929 23.210499
23.197 2 GPS_INT 0 0 0 0 0 0 0 0 0 0 0 0 0 0 0 0
23.203 2 BMP_STATUS 334274 31958 102464 323
23.234 2 DL_VALUE 25 300.
23.239 2 WP_MOVED_ENU 2 0 0 -2688
23.242 2 ROTORCRAFT_NAV_STATUS 6 6 2 0 0
23.273 2 AMSYS_AIRSPEED 3364 6.863356 3.376385 3.333579 23.210499
23.291 2 INS -345 -277 295 -730736 -585024 157530 -750 -604 86
23.347 2 ROTORCRAFT_FP -277 -345 -299 -585024 -730736 -159560 4438 805 -216 0 0 0 0 0 0
23.371 2 AMSYS_AIRSPEED 3340 4.970016 2.873178 3.28846 23.185318
23.446 2 GPS_INT 0 0 0 0 0 0 0 0 0 0 0 0 0 0 0 0
23.452 2 ROTORCRAFT_STATUS 0 0 2 0 0 1 0 0 0 0 88 27
23.458 2 ALIVE 201,163,132,29,49,7,215,240,188,191,130,191,147,183,78,4
23.470 2 AMSYS_AIRSPEED 3357 6.311131 3.237705 3.283486 23.185318
23.476 2 BMP_STATUS 334275 31960 102469 323
23.540 2 INS -345 -277 322 -730736 -585024 180297 -750 -604 92
23.570 2 AMSYS_AIRSPEED 3357 6.311131 3.237705 3.279 23.185318
23.596 2 ROTORCRAFT_FP -277 -345 -327 -585024 -730736 -182466 4438 804 -218 0 0 0 0 0 0
23.670 2 AMSYS_AIRSPEED 3363 6.784466 3.356925 3.286636 23.185318
23.695 2 GPS_INT 0 0 0 0 0 0 0 0 0 0 0 0 0 0 0 0
23.746 2 BMP_STATUS 334259 31957 102459 323
23.771 2 AMSYS_AIRSPEED 3358 6.39002 3.257878 3.283818 23.210499
23.789 2 INS -345 -277 308 -730736 -585024 130287 -750 -604 50
23.845 2 ROTORCRAFT_FP -277 -345 -311 -585024 -730736 -131974 4438 804 -221 0 0 0 0 0 0
23.872 2 AMSYS_AIRSPEED 3369 7.257801 3.472052 3.302265 23.210499
23.944 2 GPS_INT 0 0 0 0 0 0 0 0 0 0 0 0 0 0 0 0
23.969 2 AMSYS_AIRSPEED 3364 6.863356 3.376385 3.309528 23.210499
24.020 2 BMP_STATUS 334255 31958 102457 323
24.039 2 INS -345 -277 289 -730736 -585024 80009 -750 -604 53
24.068 2 AMSYS_AIRSPEED 3369 7.257801 3.472052 3.325456 23.185318
24.093 2 ROTORCRAFT_FP -277 -345 -291 -585024 -730736 -81638 4437 803 -222 0 0 0 0 0 0
24.122 2 DOWNLINK_STATUS 24 25885 727 0 1089. 31. 5.48
24.167 2 AMSYS_AIRSPEED 3369 7.257801 3.472052 3.339822 23.155945
24.193 2 GPS_INT 0 0 0 0 0 0 0 0 0 0 0 0 0 0 0 0
24.268 2 AMSYS_AIRSPEED 3374 7.652247 3.565153 3.361905 23.185318
24.287 2 INS -345 -277 300 -730736 -585024 88777 -750 -604 73
24.294 2 BMP_STATUS 334244 31956 102453 322
24.343 2 ROTORCRAFT_FP -277 -345 -262 -585024 -730736 -24711 4436 803 -224 0 0 0 0 0 0
24.345 2 DL_VALUE 26 800.
24.371 2 AMSYS_AIRSPEED 3369 7.257801 3.472052 3.372699 23.185318
24.442 2 GPS_INT 0 0 0 0 0 0 0 0 0 0 0 0 0 0 0 0
24.466 2 AMSYS_AIRSPEED 3357 6.311131 3.237705 3.35947 23.185318
24.536 2 INS -345 -277 265 -730736 -585024 31569 -750 -604 74
24.541 2 WP_MOVED_ENU 3 -1459 -1177 -2688
24.566 2 AMSYS_AIRSPEED 3364 6.863356 3.376385 3.361127 23.210499
24.572 2 BMP_STATUS 334255 31960 102462 323
24.592 2 ROTORCRAFT_FP -277 -345 -268 -585024 -730736 -36198 4435 802 -227 0 0 0 0 0 0
24.631 2 ROTORCRAFT_STATUS 0 0 2 0 0 1 0 0 0 0 88 29
24.666 2 AMSYS_AIRSPEED 3352 5.916686 3.134895 3.338957 23.210499
24.691 2 GPS_INT 0 0 0 0 0 0 0 0 0 0 0 0 0 0 0 0
24.766 2 AMSYS_AIRSPEED 3374 7.652247 3.565153 3.361124 23.185318
24.785 2 INS -345 -277 271 -730736 -585024 43027 -750 -604 43
24.841 2 ROTORCRAFT_FP -277 -345 -272 -585024 -730736 -44797 4436 803 -229 0 0 0 0 0 0
24.845 2 ROTORCRAFT_NAV_STATUS 8 8 2 0 0
24.850 2 BMP_STATUS 334245 31959 102454 323
24.866 2 AMSYS_AIRSPEED 3357 6.311131 3.237705 3.349029 23.185318
24.915 2 I2C_ERRORS 61464 58783 61464 58783 61464 58783 61464 58783 -442503144 1
24.940 2 GPS_INT 0 0 0 0 0 0 0 0 0 0 0 0 0 0 0 0
24.965 2 AMSYS_AIRSPEED 3346 5.443351 3.006886 3.315499 23.185318
25.034 2 INS -345 -277 248 -730736 -585024 8226 -750 -604 76
25.063 2 AMSYS_AIRSPEED 3369 7.257801 3.472052 3.330841 23.185318
25.090 2 ROTORCRAFT_FP -277 -345 -248 -585024 -730736 -9712 4435 802 -231 0 0 0 0 0 0
25.114 2 BMP_STATUS 334256 31958 102458 323
25.123 2 DOWNLINK_STATUS 25 26978 758 0 1093. 31. 5.48
25.164 2 AMSYS_AIRSPEED 3374 7.652247 3.565153 3.353804 23.185318
25.189 2 GPS_INT 0 0 0 0 0 0 0 0 0 0 0 0 0 0 0 0
25.264 2 AMSYS_AIRSPEED 3364 6.863356 3.376385 3.356017 23.210499
25.283 2 INS -345 -277 245 -730736 -585024 9134 -750 -604 104
25.327 2 IMU_MAG_RAW -439 -191 -303
25.344 2 ROTORCRAFT_FP -277 -345 -245 -585024 -730736 -10711 4435 801 -231 0 0 0 0 0 0
25.373 2 AMSYS_AIRSPEED 3369 7.257801 3.472052 3.367388 23.185318
25.387 2 BMP_STATUS 334258 31959 102459 323
25.439 2 GPS_INT 0 0 0 0 0 0 0 0 0 0 0 0 0 0 0 0
25.441 2 DL_VALUE 27 600.
25.462 2 AMSYS_AIRSPEED 3369 7.257801 3.472052 3.377645 23.185318
25.532 2 INS -345 -277 246 -730736 -585024 17597 -750 -604 22
25.538 2 ALIVE 201,163,132,29,49,7,215,240,188,191,130,191,147,183,78,4
25.562 2 AMSYS_AIRSPEED 3351 5.837797 3.113925 3.3518 23.185318
25.588 2 ROTORCRAFT_FP -277 -345 -247 -585024 -730736 -19389 4435 801 -231 0 0 0 0 0 0
25.618 2 PONG 
25.660 2 BMP_STATUS 334269 31958 102462 323
25.667 2 AMSYS_AIRSPEED 3369 7.257801 3.472052 3.363585 23.155945
25.687 2 GPS_INT 0 0 0 0 0 0 0 0 0 0 0 0 0 0 0 0
25.762 2 AMSYS_AIRSPEED 3363 6.784466 3.356925 3.362932 23.155945
25.782 2 INS -345 -277 258 -730736 -585024 40693 -750 -604 83
25.837 2 ROTORCRAFT_FP -277 -345 -259 -585024 -730736 -42001 4434 800 -231 0 0 0 0 0 0
25.843 2 ROTORCRAFT_STATUS 0 0 2 0 0 1 0 0 0 0 88 30
25.848 2 WP_MOVED_ENU 4 -204 -204 -2688
25.868 2 AMSYS_AIRSPEED 3369 7.257801 3.472052 3.373626 23.185318
25.936 2 GPS_INT 0 0 0 0 0 0 0 0 0 0 0 0 0 0 0 0
25.942 2 BMP_STATUS 334261 31960 102464 323
25.961 2 AMSYS_AIRSPEED 3363 6.784466 3.356925 3.371989 23.185318
26.030 2 INS -345 -277 274 -730736 -585024 65584 -750 -604 70
26.060 2 AMSYS_AIRSPEED 3357 6.311131 3.237705 3.358829 23.185318
26.085 2 ROTORCRAFT_FP -277 -345 -276 -585024 -730736 -67426 4434 800 -233 0 0 0 0 0 0
26.124 2 DOWNLINK_STATUS 26 28056 789 0 1078. 31. 5.73
26.159 2 AMSYS_AIRSPEED 3375 7.731136 3.583483 3.380845 23.210499
26.185 2 GPS_INT 0 0 0 0 0 0 0 0 0 0 0 0 0 0 0 0
26.207 2 BMP_STATUS 334263 31960 102465 323
26.259 2 AMSYS_AIRSPEED 3363 6.784466 3.356925 3.378501 23.155945
26.279 2 INS -345 -277 289 -730736 -585024 84334 -750 -604 68
26.335 2 ROTORCRAFT_FP -277 -345 -291 -585024 -730736 -86160 4435 801 -234 0 0 0 0 0 0
26.366 2 AMSYS_AIRSPEED 3357 6.311131 3.237705 3.364703 23.185318
26.434 2 GPS_INT 0 0 0 0 0 0 0 0 0 0 0 0 0 0 0 0
26.437 2 ROTORCRAFT_NAV_STATUS 9 9 2 0 0
26.458 2 AMSYS_AIRSPEED 3369 7.257801 3.472052 3.375223 23.185318
26.480 2 BMP_STATUS 334270 31960 102467 323
26.528 2 INS -345 -277 305 -730736 -585024 102300 -750 -604 83
26.531 2 DL_VALUE 28 100.
26.558 2 AMSYS_AIRSPEED 3374 7.652247 3.565153 3.393836 23.155945
26.584 2 ROTORCRAFT_FP -277 -345 -307 -585024 -730736 -104034 4436 801 -233 0 0 0 0 0 0
26.658 2 AMSYS_AIRSPEED 3358 6.39002 3.257878 3.380512 23.210499
26.683 2 GPS_INT 0 0 0 0 0 0 0 0 0 0 0 0 0 0 0 0
26.754 2 BMP_STATUS 334261 31959 102460 323
26.760 2 AMSYS_AIRSPEED 3369 7.257801 3.472052 3.389483 23.155945
26.778 2 INS -345 -277 294 -730736 -585024 71708 -750 -604 74
26.833 2 ROTORCRAFT_FP -277 -345 -296 -585024 -730736 -73329 4436 801 -233 0 0 0 0 0 0
26.856 2 AMSYS_AIRSPEED 3357 6.311131 3.237705 3.374609 23.185318
26.931 2 GPS_INT 0 0 0 0 0 0 0 0 0 0 0 0 0 0 0 0
26.956 2 AMSYS_AIRSPEED 3352 5.916686 3.134895 3.351117 23.210499
27.026 2 INS -345 -277 304 -730736 -585024 79750 -750 -604 78
27.032 2 ROTORCRAFT_STATUS 0 0 2 0 0 1 0 0 0 0 88 31
27.038 2 BMP_STATUS 334253 31960 102461 323
27.056 2 AMSYS_AIRSPEED 3374 7.652247 3.565153 3.372093 23.185318
27.081 2 ROTORCRAFT_FP -277 -345 -290 -585024 -730736 -55299 4437 801 -234 0 0 0 0 0 0
27.120 2 WP_MOVED_ENU 5 -204 -204 -2688
27.124 2 DOWNLINK_STATUS 27 29122 819 0 1066. 30. 5.73
27.155 2 AMSYS_AIRSPEED 3351 5.837797 3.113925 3.346792 23.185318
27.181 2 GPS_INT 0 0 0 0 0 0 0 0 0 0 0 0 0 0 0 0
27.255 2 AMSYS_AIRSPEED 3363 6.784466 3.356925 3.347785 23.155945
27.275 2 INS -345 -277 295 -730736 -585024 61329 -750 -604 64
27.301 2 BMP_STATUS 334285 31963 102477 323
27.331 2 ROTORCRAFT_FP -277 -345 -334 -585024 -730736 -125342 4436 801 -234 0 0 0 0 0 0
27.355 2 AMSYS_AIRSPEED 3363 6.784466 3.356925 3.348681 23.155945
27.430 2 GPS_INT 0 0 0 0 0 0 0 0 0 0 0 0 0 0 0 0
27.455 2 AMSYS_AIRSPEED 3357 6.311131 3.237705 3.337805 23.185318
27.525 2 INS -345 -277 346 -730736 -585024 132095 -750 -604 86
27.554 2 AMSYS_AIRSPEED 3369 7.257801 3.472052 3.350961 23.185318
27.580 2 ROTORCRAFT_FP -277 -345 -350 -585024 -730736 -133901 4436 801 -235 0 0 0 0 0 0
27.586 2 BMP_STATUS 334260 31961 102467 323
27.616 2 DL_VALUE 29 300.
27.622 2 ALIVE 201,163,132,29,49,7,215,240,188,191,130,191,147,183,78,4
27.654 2 AMSYS_AIRSPEED 3346 5.443351 3.006886 3.317242 23.185318
27.679 2 GPS_INT 0 0 0 0 0 0 0 0 0 0 0 0 0 0 0 0
27.754 2 AMSYS_AIRSPEED 3369 7.257801 3.472052 3.332413 23.155945
27.774 2 INS -345 -277 346 -730736 -585024 116495 -750 -604 58
27.829 2 ROTORCRAFT_FP -277 -345 -349 -585024 -730736 -118349 4436 801 -235 0 0 0 0 0 0
27.847 2 BMP_STATUS 334266 31958 102461 323
27.853 2 AMSYS_AIRSPEED 3380 8.125582 3.673761 3.365865 23.185318
27.928 2 GPS_INT 0 0 0 0 0 0 0 0 0 0 0 0 0 0 0 0
27.952 2 AMSYS_AIRSPEED 3369 7.257801 3.472052 3.376271 23.185318
28.022 2 INS -345 -277 324 -730736 -585024 69103 -750 -604 65
28.025 2 ROTORCRAFT_NAV_STATUS 11 11 2 0 0
28.051 2 AMSYS_AIRSPEED 3363 6.784466 3.356925 3.374375 23.155945
28.078 2 ROTORCRAFT_FP -277 -345 -326 -585024 -730736 -70730 4436 800 -236 0 0 0 0 0 0
28.121 2 BMP_STATUS 334262 31960 102464 323
28.125 2 DOWNLINK_STATUS 28 30169 848 0 1047. 29. 5.73
28.153 2 AMSYS_AIRSPEED 3369 7.257801 3.472052 3.383948 23.185318
28.178 2 GPS_INT 0 0 0 0 0 0 0 0 0 0 0 0 0 0 0 0
28.217 2 ROTORCRAFT_STATUS 0 0 2 0 0 1 0 0 0 0 88 32
28.252 2 AMSYS_AIRSPEED 3364 6.863356 3.376385 3.383206 23.210499
28.271 2 INS -345 -277 316 -730736 -585024 52110 -750 -604 23
28.315 2 IMU_MAG_RAW -438 -184 -301
28.332 2 ROTORCRAFT_FP -277 -345 -317 -585024 -730736 -53387 4436 800 -236 0 0 0 0 0 0
28.351 2 AMSYS_AIRSPEED 3369 7.257801 3.472052 3.391913 23.185318
28.394 2 BMP_STATUS 334264 31962 102469 323
28.426 2 GPS_INT 0 0 0 0 0 0 0 0 0 0 0 0 0 0 0 0
28.431 2 WP_MOVED_ENU 6 -230 -230 -2688
28.451 2 AMSYS_AIRSPEED 3363 6.784466 3.356925 3.388484 23.155945
28.521 2 INS -345 -277 327 -730736 -585024 64860 -750 -604 92
28.550 2 AMSYS_AIRSPEED 3369 7.257801 3.472052 3.396674 23.155945
28.576 2 ROTORCRAFT_FP -277 -345 -328 -585024 -730736 -66378 4436 799 -236 0 0 0 0 0 0
28.650 2 AMSYS_AIRSPEED 3363 6.784466 3.356925 3.392778 23.185318
28.675 2 GPS_INT 0 0 0 0 0 0 0 0 0 0 0 0 0 0 0 0
28.681 2 BMP_STATUS 334290 31961 102479 323
28.712 2 DL_VALUE 30 800.
28.750 2 AMSYS_AIRSPEED 3363 6.784466 3.356925 3.389265 23.185318
28.772 2 INS -345 -277 366 -730736 -585024 122462 -750 -604 16
28.825 2 ROTORCRAFT_FP -277 -345 -369 -585024 -730736 -123954 4436 798 -236 0 0 0 0 0 0
28.848 2 AMSYS_AIRSPEED 3374 7.652247 3.565153 3.406502 23.155945
28.924 2 GPS_INT 0 0 0 0 0 0 0 0 0 0 0 0 0 0 0 0
28.941 2 BMP_STATUS 334278 31960 102470 323
28.948 2 AMSYS_AIRSPEED 3351 5.837797 3.113925 3.377829 23.185318
29.018 2 INS -345 -277 366 -730736 -585024 104421 -750 -604 90
29.048 2 AMSYS_AIRSPEED 3363 6.784466 3.356925 3.375781 23.185318
29.074 2 ROTORCRAFT_FP -277 -345 -368 -585024 -730736 -106049 4436 799 -235 0 0 0 0 0 0
29.126 2 DOWNLINK_STATUS 29 31218 877 0 1049. 29. 5.73
29.149 2 AMSYS_AIRSPEED 3374 7.652247 3.565153 3.394339 23.185318
29.174 2 GPS_INT 0 0 0 0 0 0 0 0 0 0 0 0 0 0 0 0
29.214 2 BMP_STATUS 334265 31960 102465 323
29.248 2 AMSYS_AIRSPEED 3363 6.784466 3.356925 3.390672 23.185318
29.267 2 INS -345 -277 348 -730736 -585024 61452 -750 -604 42
29.323 2 ROTORCRAFT_FP -277 -345 -349 -585024 -730736 -62940 4436 799 -235 0 0 0 0 0 0
29.347 2 AMSYS_AIRSPEED 3369 7.257801 3.472052 3.398648 23.185318
29.422 2 GPS_INT 0 0 0 0 0 0 0 0 0 0 0 0 0 0 0 0
29.428 2 ROTORCRAFT_STATUS 0 0 2 0 0 1 0 0 0 0 88 33
29.446 2 AMSYS_AIRSPEED 3369 7.257801 3.472052 3.405841 23.155945
29.488 2 BMP_STATUS 334271 31960 102468 323
29.517 2 INS -345 -277 342 -730736 -585024 46345 -750 -604 62
29.546 2 AMSYS_AIRSPEED 3369 7.257801 3.472052 3.41233 23.185318
29.572 2 ROTORCRAFT_FP -277 -345 -344 -585024 -730736 -48065 4437 799 -234 0 0 0 0 0 0
29.609 2 ROTORCRAFT_NAV_STATUS 13 13 2 0 0
29.646 2 AMSYS_AIRSPEED 3363 6.784466 3.356925 3.4069 23.185318
29.671 2 GPS_INT 0 0 0 0 0 0 0 0 0 0 0 0 0 0 0 0
29.710 2 WP_MOVED_ENU 7 0 256 -2304
29.717 2 ALIVE 201,163,132,29,49,7,215,240,188,191,130,191,147,183,78,4
29.746 2 AMSYS_AIRSPEED 3369 7.257801 3.472052 3.413285 23.185318
29.766 2 INS -345 -277 349 -730736 -585024 54197 -750 -604 17
29.772 2 BMP_STATUS 334280 31961 102475 323
29.820 2 ROTORCRAFT_FP -277 -345 -361 -585024 -730736 -73714 4437 798 -235 0 0 0 0 0 0
29.823 2 DL_VALUE 31 600.
29.845 2 AMSYS_AIRSPEED 3369 7.257801 3.472052 3.419044 23.185318
29.920 2 GPS_INT 0 0 0 0 0 0 0 0 0 0 0 0 0 0 0 0
29.944 2 AMSYS_AIRSPEED 3346 5.443351 3.006886 3.378652 23.185318
30.002 2 WIND_INFO 2 42 0. 0. 0.
30.014 2 INS -345 -277 368 -730736 -585024 79631 -750 -604 59
30.035 2 BMP_STATUS 334278 31962 102474 323
30.044 2 AMSYS_AIRSPEED 3374 7.652247 3.565153 3.396929 23.155945
30.071 2 ROTORCRAFT_FP -277 -345 -370 -585024 -730736 -80822 4437 799 -236 0 0 0 0 0 0
30.126 2 DOWNLINK_STATUS 30 32307 908 0 1089. 31. 5.73
30.145 2 AMSYS_AIRSPEED 3375 7.731136 3.583483 3.415211 23.210499
30.170 2 GPS_INT 0 0 0 0 0 0 0 0 0 0 0 0 0 0 0 0
30.244 2 AMSYS_AIRSPEED 3374 7.652247 3.565153 3.429906 23.155945
30.263 2 INS -345 -277 379 -730736 -585024 86055 -750 -604 58
30.308 2 BMP_STATUS 334269 31961 102471 323
30.325 2 ROTORCRAFT_FP -277 -345 -381 -585024 -730736 -87275 4437 799 -236 0 0 0 0 0 0
30.343 2 AMSYS_AIRSPEED 3369 7.257801 3.472052 3.434036 23.185318
30.418 2 GPS_INT 0 0 0 0 0 0 0 0 0 0 0 0 0 0 0 0
30.443 2 AMSYS_AIRSPEED 3363 6.784466 3.356925 3.426479 23.185318
30.513 2 INS -345 -277 374 -730736 -585024 69939 -750 -604 44
30.543 2 AMSYS_AIRSPEED 3357 6.311131 3.237705 3.407979 23.185318
30.568 2 ROTORCRAFT_FP -277 -345 -376 -585024 -730736 -71356 4438 799 -237 0 0 0 0 0 0
30.582 2 BMP_STATUS 334275 31960 102469 323
30.607 2 ROTORCRAFT_STATUS 0 0 2 0 0 1 0 0 0 0 88 35
30.619 2 PONG 
30.642 2 AMSYS_AIRSPEED 3358 6.39002 3.257878 3.393269 23.210499
30.667 2 GPS_INT 0 0 0 0 0 0 0 0 0 0 0 0 0 0 0 0
30.743 2 AMSYS_AIRSPEED 3357 6.311131 3.237705 3.378024 23.155945
30.762 2 INS -345 -277 363 -730736 -585024 46748 -750 -604 38
30.818 2 ROTORCRAFT_FP -277 -345 -364 -585024 -730736 -48120 4439 799 -236 0 0 0 0 0 0
30.842 2 AMSYS_AIRSPEED 3380 8.125582 3.673761 3.407006 23.185318
30.856 2 BMP_STATUS 334268 31961 102470 323
30.916 2 GPS_INT 0 0 0 0 0 0 0 0 0 0 0 0 0 0 0 0
30.919 2 DL_VALUE 32 10.
30.940 2 AMSYS_AIRSPEED 3351 5.837797 3.113925 3.378284 23.155945
31.010 2 INS -345 -277 357 -730736 -585024 35962 -750 -604 61
31.015 2 WP_MOVED_ENU 8 256 0 -1536
31.041 2 AMSYS_AIRSPEED 3357 6.311131 3.237705 3.364507 23.155945
31.067 2 ROTORCRAFT_FP -277 -345 -358 -585024 -730736 -37170 4440 800 -234 0 0 0 0 0 0
31.127 2 DOWNLINK_STATUS 31 33344 937 0 1037. 29. 5.64
31.129 2 BMP_STATUS 334269 31960 102467 323
31.140 2 AMSYS_AIRSPEED 3357 6.311131 3.237705 3.352081 23.185318
31.166 2 GPS_INT 0 0 0 0 0 0 0 0 0 0 0 0 0 0 0 0
31.202 2 ROTORCRAFT_NAV_STATUS 14 14 2 0 0
31.239 2 AMSYS_AIRSPEED 3374 7.652247 3.565153 3.372962 23.155945
31.259 2 INS -345 -277 342 -730736 -585024 12429 -750 -604 43
31.303 2 IMU_MAG_RAW -439 -189 -303
31.320 2 ROTORCRAFT_FP -277 -345 -343 -585024 -730736 -13788 4440 799 -233 0 0 0 0 0 0
31.339 2 AMSYS_AIRSPEED 3369 7.257801 3.472052 3.382673 23.185318
31.403 2 BMP_STATUS 334269 31962 102471 323
31.418 2 GPS_INT 0 0 0 0 0 0 0 0 0 0 0 0 0 0 0 0
31.439 2 AMSYS_AIRSPEED 3374 7.652247 3.565153 3.400556 23.155945
31.509 2 INS -345 -277 345 -730736 -585024 20111 -750 -604 76
31.539 2 AMSYS_AIRSPEED 3357 6.311131 3.237705 3.384597 23.185318
31.564 2 ROTORCRAFT_FP -277 -345 -345 -585024 -730736 -21557 4440 799 -232 0 0 0 0 0 0
31.638 2 AMSYS_AIRSPEED 3369 7.257801 3.472052 3.393167 23.185318
31.663 2 GPS_INT 0 0 0 0 0 0 0 0 0 0 0 0 0 0 0 0
31.675 2 BMP_STATUS 334271 31960 102468 323
31.738 2 AMSYS_AIRSPEED 3369 7.257801 3.472052 3.400898 23.155945
31.758 2 INS -345 -277 337 -730736 -585024 9682 -750 -604 83
31.814 2 ROTORCRAFT_FP -277 -345 -337 -585024 -730736 -10874 4440 799 -231 0 0 0 0 0 0
31.820 2 ROTORCRAFT_STATUS 0 0 2 0 0 1 0 0 0 0 88 36
31.825 2 ALIVE 201,163,132,29,49,7,215,240,188,191,130,191,147,183,78,4
31.837 2 AMSYS_AIRSPEED 3374 7.652247 3.565153 3.416995 23.185318
31.912 2 GPS_INT 0 0 0 0 0 0 0 0 0 0 0 0 0 0 0 0
31.936 2 AMSYS_AIRSPEED 3357 6.311131 3.237705 3.399424 23.155945
31.948 2 BMP_STATUS 334280 31958 102467 323
32.006 2 INS -345 -277 328 -730736 -585024 -1245 -750 -604 7
32.009 2 DL_VALUE 33 300.
32.036 2 AMSYS_AIRSPEED 3369 7.257801 3.472052 3.406542 23.130768
32.062 2 ROTORCRAFT_FP -277 -345 -328 -585024 -730736 -36 4441 797 -232 0 0 0 0 0 0
32.127 2 DOWNLINK_STATUS 32 34432 968 0 1088. 31. 5.64
32.136 2 AMSYS_AIRSPEED 3363 6.784466 3.356925 3.401679 23.185318
32.162 2 GPS_INT 0 0 0 0 0 0 0 0 0 0 0 0 0 0 0 0
