2.428 2 ROTORCRAFT_FP -448 -308 -222 -946640 -650176 4222 4850 905 1206 0 0 0 0 0 0
2.452 2 AMSYS_AIRSPEED 3357 6.311131 3.237705 3.240688 23.080414
2.527 2 GPS_INT 0 0 0 0 0 0 0 0 0 0 0 0 0 0 0 0
2.532 2 WP_MOVED_ENU 6 -230 -230 -2688
2.551 2 AMSYS_AIRSPEED 3351 5.837797 3.113925 3.228265 23.080414
2.593 2 BMP_STATUS 334494 32056 102709 328
2.621 2 INS -308 -448 0 -650176 -946640 -166 -662 -952 -17
2.624 2 DL_VALUE 18 13.
2.651 2 AMSYS_AIRSPEED 3368 7.178912 3.453131 3.250302 23.080414
2.677 2 ROTORCRAFT_FP -448 -308 0 -946640 -650176 677 4850 905 1205 0 0 0 0 0 0
2.752 2 AMSYS_AIRSPEED 3357 6.311131 3.237705 3.249068 23.080414
2.776 2 GPS_INT 0 0 0 0 0 0 0 0 0 0 0 0 0 0 0 0
2.850 2 AMSYS_AIRSPEED 3362 6.705577 3.33735 3.257719 23.080414
2.853 2 TIMESTAMP 20500
2.870 2 INS -308 -448 0 -650176 -946640 -2332 -662 -952 -43
2.876 2 BMP_STATUS 334477 32057 102703 328
2.926 2 ROTORCRAFT_FP -448 -308 24 -946640 -650176 41450 4851 905 1205 0 0 0 0 0 0
2.950 2 AMSYS_AIRSPEED 3357 6.311131 3.237705 3.255758 23.080414
2.968 2 DOWNLINK_STATUS 3 3245 95 0 1109. 33. 0.
3.025 2 GPS_INT 0 0 0 0 0 0 0 0 0 0 0 0 0 0 0 0
3.049 2 AMSYS_AIRSPEED 3357 6.311131 3.237705 3.253989 23.109787
3.119 2 INS -308 -448 -29 -650176 -946640 -43198 -662 -952 -14
3.140 2 BMP_STATUS 334476 32057 102702 328
3.149 2 AMSYS_AIRSPEED 3357 6.311131 3.237705 3.252393 23.080414
3.175 2 ROTORCRAFT_FP -448 -308 42 -946640 -650176 62767 4851 905 1204 0 0 0 0 0 0
3.249 2 AMSYS_AIRSPEED 3357 6.311131 3.237705 3.250954 23.080414
3.274 2 GPS_INT 0 0 0 0 0 0 0 0 0 0 0 0 0 0 0 0
3.314 2 ROTORCRAFT_STATUS 0 0 2 0 0 1 0 0 0 0 88 20
3.349 2 AMSYS_AIRSPEED 3362 6.705577 3.33735 3.25942 23.080414
3.352 2 TIMESTAMP 21000
3.369 2 INS -308 -448 -48 -650176 -946640 -64958 -662 -952 -3
3.421 2 IMU_MAG_RAW -549 -354 -197
3.421 2 BMP_STATUS 334484 32054 102705 328
3.437 2 ROTORCRAFT_FP -448 -308 49 -946640 -650176 65711 4851 905 1204 0 0 0 0 0 0
3.448 2 AMSYS_AIRSPEED 3357 6.311131 3.237705 3.257292 23.109787
3.523 2 GPS_INT 0 0 0 0 0 0 0 0 0 0 0 0 0 0 0 0
3.547 2 AMSYS_AIRSPEED 3362 6.705577 3.33735 3.265138 23.080414
3.617 2 INS -308 -448 -48 -650176 -946640 -56678 -662 -952 13
3.647 2 AMSYS_AIRSPEED 3351 5.837797 3.113925 3.250319 23.080414
3.673 2 ROTORCRAFT_FP -448 -308 49 -946640 -650176 57249 4850 906 1203 0 0 0 0 0 0
3.687 2 BMP_STATUS 334479 32058 102708 328
3.709 2 DL_VALUE 19 0.
3.747 2 AMSYS_AIRSPEED 3357 6.311131 3.237705 3.249083 23.055237
3.772 2 GPS_INT 0 0 0 0 0 0 0 0 0 0 0 0 0 0 0 0
3.811 2 WP_MOVED_ENU 7 0 256 -2304
3.847 2 AMSYS_AIRSPEED 3357 6.311131 3.237705 3.247968 23.080414
3.850 2 TIMESTAMP 21500
3.867 2 INS -308 -448 -36 -650176 -946640 -32076 -662 -952 -4
3.922 2 ROTORCRAFT_FP -448 -308 37 -946640 -650176 32209 4851 905 1203 0 0 0 0 0 0
3.925 2 ROTORCRAFT_NAV_STATUS 1 0 1 1 0
3.946 2 AMSYS_AIRSPEED 3345 5.364462 2.985017 3.222198 23.080414
3.960 2 BMP_STATUS 334492 32060 102716 328
3.969 2 DOWNLINK_STATUS 4 4349 128 0 1104. 33. 0.
4.021 2 GPS_INT 0 0 0 0 0 0 0 0 0 0 0 0 0 0 0 0
4.045 2 AMSYS_AIRSPEED 3357 6.311131 3.237705 3.223718 23.109787
4.115 2 INS -308 -448 0 -650176 -946640 27633 -662 -952 -22
4.146 2 AMSYS_AIRSPEED 3351 5.837797 3.113925 3.212958 23.080414
4.172 2 ROTORCRAFT_FP -448 -308 0 -946640 -650176 -27095 4851 905 1204 0 0 0 0 0 0
4.211 2 ALIVE 73,193,131,76,36,63,151,237,85,221,59,127,170,27,147,33
4.234 2 BMP_STATUS 334464 32057 102698 328
4.246 2 AMSYS_AIRSPEED 3357 6.311131 3.237705 3.215384 23.080414
4.271 2 GPS_INT 0 0 0 0 0 0 0 0 0 0 0 0 0 0 0 0
4.344 2 AMSYS_AIRSPEED 3357 6.311131 3.237705 3.217571 23.080414
4.349 2 TIMESTAMP 22000
4.364 2 INS -308 -448 -34 -650176 -946640 -33309 -662 -952 -5
4.420 2 ROTORCRAFT_FP -448 -308 35 -946640 -650176 33694 4851 905 1204 0 0 0 0 0 0
4.444 2 AMSYS_AIRSPEED 3351 5.837797 3.113925 3.207414 23.080414
4.507 2 BMP_STATUS 334483 32057 102705 328
4.524 2 GPS_INT 0 0 0 0 0 0 0 0 0 0 0 0 0 0 0 0
4.530 2 ROTORCRAFT_STATUS 0 0 2 0 0 1 0 0 0 0 88 22
4.544 2 AMSYS_AIRSPEED 3357 6.311131 3.237705 3.210382 23.080414
4.614 2 INS -308 -448 -36 -650176 -946640 -32006 -662 -952 -39
4.644 2 AMSYS_AIRSPEED 3368 7.178912 3.453131 3.234172 23.080414
4.670 2 ROTORCRAFT_FP -448 -308 37 -946640 -650176 32642 4851 906 1204 0 0 0 0 0 0
4.743 2 AMSYS_AIRSPEED 3357 6.311131 3.237705 3.234518 23.109787
4.769 2 GPS_INT 0 0 0 0 0 0 0 0 0 0 0 0 0 0 0 0
4.780 2 BMP_STATUS 334463 32063 102710 329
4.804 2 DL_VALUE 20 0.
4.842 2 AMSYS_AIRSPEED 3345 5.364462 2.985017 3.210067 23.080414
4.849 2 TIMESTAMP 22500
4.862 2 INS -308 -448 -21 -650176 -946640 -3294 -662 -952 -21
4.918 2 ROTORCRAFT_FP -448 -308 22 -946640 -650176 3636 4851 906 1205 0 0 0 0 0 0
4.943 2 AMSYS_AIRSPEED 3357 6.311131 3.237705 3.212775 23.080414
4.971 2 DOWNLINK_STATUS 5 5404 158 0 1055. 30. 0.
5.017 2 GPS_INT 0 0 0 0 0 0 0 0 0 0 0 0 0 0 0 0
5.043 2 AMSYS_AIRSPEED 3368 7.178912 3.453131 3.23633 23.080414
5.054 2 BMP_STATUS 334473 32062 102710 329
5.112 2 INS -308 -448 -10 -650176 -946640 14738 -662 -952 -6
5.117 2 WP_MOVED_ENU 8 256 0 -1536
5.142 2 AMSYS_AIRSPEED 3362 6.705577 3.33735 3.24623 23.055237
5.168 2 ROTORCRAFT_FP -448 -308 10 -946640 -650176 -14603 4852 905 1206 0 0 0 0 0 0
5.241 2 AMSYS_AIRSPEED 3368 7.178912 3.453131 3.266506 23.080414
5.266 2 GPS_INT 0 0 0 0 0 0 0 0 0 0 0 0 0 0 0 0
5.328 2 BMP_STATUS 334466 32057 102699 328
5.341 2 AMSYS_AIRSPEED 3363 6.784466 3.356925 3.275367 23.109787
5.350 2 TIMESTAMP 23000
5.361 2 INS -308 -448 -36 -650176 -946640 -33942 -662 -952 0
5.417 2 ROTORCRAFT_FP -448 -308 37 -946640 -650176 34565 4852 905 1208 0 0 0 0 0 0
5.440 2 AMSYS_AIRSPEED 3357 6.311131 3.237705 3.271676 23.080414
5.473 2 PONG 
5.515 2 GPS_INT 0 0 0 0 0 0 0 0 0 0 0 0 0 0 0 0
5.518 2 ROTORCRAFT_NAV_STATUS 2 2 2 0 0
5.539 2 AMSYS_AIRSPEED 3357 6.311131 3.237705 3.268347 23.109787
5.600 2 BMP_STATUS 334474 32060 102709 328
5.611 2 INS -308 -448 -25 -650176 -946640 -9655 -662 -952 14
5.639 2 AMSYS_AIRSPEED 3357 6.311131 3.237705 3.265344 23.109787
5.665 2 ROTORCRAFT_FP -448 -308 25 -946640 -650176 10117 4852 905 1208 0 0 0 0 0 0
5.704 2 ROTORCRAFT_STATUS 0 0 2 0 0 1 0 0 0 0 88 23
5.740 2 AMSYS_AIRSPEED 3368 7.178912 3.453131 3.283747 23.080414
5.764 2 GPS_INT 0 0 0 0 0 0 0 0 0 0 0 0 0 0 0 0
5.839 2 AMSYS_AIRSPEED 3357 6.311131 3.237705 3.279235 23.109787
5.850 2 TIMESTAMP 23500
5.861 2 INS -308 -448 -27 -650176 -946640 -11601 -662 -952 16
5.875 2 BMP_STATUS 334476 32062 102711 329
5.915 2 ROTORCRAFT_FP -448 -308 10 -946640 -650176 -16240 4854 905 1209 0 0 0 0 0 0
5.917 2 DL_VALUE 21 1024.
5.938 2 AMSYS_AIRSPEED 3362 6.705577 3.33735 3.28493 23.080414
5.970 2 DOWNLINK_STATUS 6 6496 191 0 1092. 33. 5.53
6.013 2 GPS_INT 0 0 0 0 0 0 0 0 0 0 0 0 0 0 0 0
6.038 2 AMSYS_AIRSPEED 3362 6.705577 3.33735 3.290067 23.080414
6.108 2 INS -308 -448 -9 -650176 -946640 14749 -662 -952 -18
6.138 2 AMSYS_AIRSPEED 3351 5.837797 3.113925 3.272805 23.109787
6.148 2 BMP_STATUS 334473 32062 102710 329
6.165 2 ROTORCRAFT_FP -448 -308 2 -946640 -650176 -25531 4854 906 1210 0 0 0 0 0 0
6.237 2 AMSYS_AIRSPEED 3357 6.311131 3.237705 3.269366 23.109787
6.262 2 GPS_INT 0 0 0 0 0 0 0 0 0 0 0 0 0 0 0 0
6.302 2 ALIVE 73,193,131,76,36,63,151,237,85,221,59,127,170,27,147,33
6.337 2 AMSYS_AIRSPEED 3362 6.705577 3.33735 3.276028 23.080414
6.357 2 INS -308 -448 0 -650176 -946640 24863 -662 -952 -15
6.360 2 TIMESTAMP 24000
6.400 2 IMU_MAG_RAW -549 -357 -191
6.416 2 ROTORCRAFT_FP -448 -308 0 -946640 -650176 -24470 4855 906 1211 0 0 0 0 0 0
6.421 2 WP_MOVED_ENU 9 256 256 -768
6.427 2 BMP_STATUS 334471 32058 102705 328
6.436 2 AMSYS_AIRSPEED 3357 6.311131 3.237705 3.272272 23.080414
6.511 2 GPS_INT 0 0 0 0 0 0 0 0 0 0 0 0 0 0 0 0
6.535 2 AMSYS_AIRSPEED 3368 7.178912 3.453131 3.289996 23.080414
6.606 2 INS -308 -448 -11 -650176 -946640 2348 -662 -952 -50
6.636 2 AMSYS_AIRSPEED 3351 5.837797 3.113925 3.272741 23.080414
6.662 2 ROTORCRAFT_FP -448 -308 11 -946640 -650176 -1984 4855 906 1211 0 0 0 0 0 0
6.695 2 BMP_STATUS 334468 32054 102699 328
6.736 2 AMSYS_AIRSPEED 3362 6.705577 3.33735 3.279073 23.080414
6.761 2 GPS_INT 0 0 0 0 0 0 0 0 0 0 0 0 0 0 0 0
6.835 2 AMSYS_AIRSPEED 3351 5.837797 3.113925 3.262888 23.080414
6.855 2 INS -308 -448 -40 -650176 -946640 -45283 -662 -952 -31
6.858 2 TIMESTAMP 24500
6.910 2 ROTORCRAFT_FP -448 -308 42 -946640 -650176 45757 4855 906 1212 0 0 0 0 0 0
6.916 2 ROTORCRAFT_STATUS 0 0 2 0 0 1 0 0 0 0 87 24
6.934 2 AMSYS_AIRSPEED 3339 4.891127 2.850284 3.222453 23.080414
6.968 2 BMP_STATUS 334465 32060 102706 328
6.971 2 DOWNLINK_STATUS 7 7599 223 0 1103. 32. 5.53
7.009 2 GPS_INT 0 0 0 0 0 0 0 0 0 0 0 0 0 0 0 0
7.012 2 DL_VALUE 22 800.
7.033 2 AMSYS_AIRSPEED 3351 5.837797 3.113925 3.211818 23.080414
7.103 2 INS -308 -448 -38 -650176 -946640 -34747 -662 -952 -40
7.106 2 ROTORCRAFT_NAV_STATUS 3 3 2 0 0
7.133 2 AMSYS_AIRSPEED 3351 5.837797 3.113925 3.202224 23.080414
7.159 2 ROTORCRAFT_FP -448 -308 39 -946640 -650176 35240 4854 906 1213 0 0 0 0 0 0
7.234 2 AMSYS_AIRSPEED 3357 6.311131 3.237705 3.205701 23.080414
7.242 2 BMP_STATUS 334470 32060 102708 328
7.258 2 GPS_INT 0 0 0 0 0 0 0 0 0 0 0 0 0 0 0 0
7.333 2 AMSYS_AIRSPEED 3357 6.311131 3.237705 3.208838 23.080414
7.353 2 INS -308 -448 -29 -650176 -946640 -15783 -662 -952 -14
7.354 2 TIMESTAMP 25000
7.408 2 ROTORCRAFT_FP -448 -308 29 -946640 -650176 16126 4855 907 1212 0 0 0 0 0 0
7.432 2 AMSYS_AIRSPEED 3351 5.837797 3.113925 3.199536 23.109787
7.507 2 GPS_INT 0 0 0 0 0 0 0 0 0 0 0 0 0 0 0 0
7.515 2 BMP_STATUS 334477 32059 102710 328
7.532 2 AMSYS_AIRSPEED 3362 6.705577 3.33735 3.213042 23.080414
7.601 2 INS -308 -448 -16 -650176 -946640 7918 -662 -952 -26
7.631 2 AMSYS_AIRSPEED 3357 6.311131 3.237705 3.215459 23.080414
7.657 2 ROTORCRAFT_FP -448 -308 15 -946640 -650176 -7760 4855 907 1213 0 0 0 0 0 0
7.695 2 WP_MOVED_ENU 0 10752 10752 -3072
7.732 2 AMSYS_AIRSPEED 3351 5.837797 3.113925 3.205508 23.080414
7.757 2 GPS_INT 0 0 0 0 0 0 0 0 0 0 0 0 0 0 0 0
7.789 2 BMP_STATUS 334480 32057 102704 328
7.831 2 AMSYS_AIRSPEED 3351 5.837797 3.113925 3.196533 23.080414
7.851 2 INS -308 -448 -25 -650176 -946640 -9508 -662 -952 -21
7.853 2 TIMESTAMP 25500
7.907 2 ROTORCRAFT_FP -448 -308 25 -946640 -650176 10055 4856 907 1215 0 0 0 0 0 0
7.914 2 I2C_ERRORS 61464 58783 61464 58783 61464 58783 61464 58783 -442503144 0
7.930 2 AMSYS_AIRSPEED 3362 6.705577 3.33735 3.210333 23.080414
7.973 2 DOWNLINK_STATUS 8 8667 254 0 1068. 31. 5.53
8.005 2 GPS_INT 0 0 0 0 0 0 0 0 0 0 0 0 0 0 0 0
8.029 2 AMSYS_AIRSPEED 3362 6.705577 3.33735 3.222781 23.080414
8.061 2 BMP_STATUS 334490 32060 102715 328
8.099 2 INS -308 -448 2 -650176 -946640 37107 -662 -952 0
8.102 2 DL_VALUE 23 600.
8.108 2 ROTORCRAFT_STATUS 0 0 2 0 0 1 0 0 0 0 88 25
8.111 2 UART_ERRORS 0 0 0 1
8.129 2 AMSYS_AIRSPEED 3345 5.364462 2.985017 3.19948 23.080414
8.155 2 ROTORCRAFT_FP -448 -308 -3 -946640 -650176 -36916 4856 906 1216 0 0 0 0 0 0
8.230 2 AMSYS_AIRSPEED 3357 6.311131 3.237705 3.203226 23.080414
8.260 2 GPS_INT 0 0 0 0 0 0 0 0 0 0 0 0 0 0 0 0
8.329 2 AMSYS_AIRSPEED 3351 5.837797 3.113925 3.194474 23.080414
8.335 2 BMP_STATUS 334480 32055 102704 328
8.348 2 INS -308 -448 -11 -650176 -946640 6085 -662 -952 23
8.350 2 TIMESTAMP 26000
8.404 2 ROTORCRAFT_FP -448 -308 10 -946640 -650176 -5987 4856 907 1217 0 0 0 0 0 0
8.410 2 ALIVE 73,193,131,76,36,63,151,237,85,221,59,127,170,27,147,33
8.428 2 AMSYS_AIRSPEED 3357 6.311131 3.237705 3.198711 23.109787
8.504 2 GPS_INT 0 0 0 0 0 0 0 0 0 0 0 0 0 0 0 0
8.528 2 AMSYS_AIRSPEED 3357 6.311131 3.237705 3.202533 23.055237
8.598 2 INS -308 -448 -10 -650176 -946640 5352 -662 -952 16
8.608 2 BMP_STATUS 334486 32058 102711 328
8.628 2 AMSYS_AIRSPEED 3362 6.705577 3.33735 3.215744 23.080414
8.652 2 ROTORCRAFT_FP -448 -308 0 -946640 -650176 -21912 4857 907 1218 0 0 0 0 0 0
8.689 2 ROTORCRAFT_NAV_STATUS 5 5 2 0 0
8.727 2 AMSYS_AIRSPEED 3351 5.837797 3.113925 3.205766 23.080414
8.752 2 GPS_INT 0 0 0 0 0 0 0 0 0 0 0 0 0 0 0 0
8.828 2 AMSYS_AIRSPEED 3357 6.311131 3.237705 3.208896 23.080414
8.847 2 INS -308 -448 1 -650176 -946640 21293 -662 -952 -30
8.849 2 TIMESTAMP 26500
8.882 2 BMP_STATUS 334484 32060 102713 328
8.902 2 ROTORCRAFT_FP -448 -308 -13 -946640 -650176 -40083 4856 908 1219 0 0 0 0 0 0
8.927 2 AMSYS_AIRSPEED 3345 5.364462 2.985017 3.186956 23.080414
8.973 2 DOWNLINK_STATUS 9 9770 287 0 1103. 33. 5.53
9.001 2 GPS_INT 0 0 0 0 0 0 0 0 0 0 0 0 0 0 0 0
9.006 2 WP_MOVED_ENU 1 -51 -153 -2688
9.026 2 AMSYS_AIRSPEED 3351 5.837797 3.113925 3.179799 23.080414
9.096 2 INS -308 -448 17 -650176 -946640 39286 -662 -952 -11
9.125 2 AMSYS_AIRSPEED 3357 6.311131 3.237705 3.185474 23.080414
9.151 2 ROTORCRAFT_FP -448 -308 -18 -946640 -650176 -39072 4856 907 1219 0 0 0 0 0 0
9.158 2 BMP_STATUS 334474 32062 102710 329
9.188 2 DL_VALUE 24 100.
9.226 2 AMSYS_AIRSPEED 3345 5.364462 2.985017 3.165829 23.080414
9.251 2 GPS_INT 0 0 0 0 0 0 0 0 0 0 0 0 0 0 0 0
9.290 2 ROTORCRAFT_STATUS 0 0 2 0 0 1 0 0 0 0 88 26
9.325 2 AMSYS_AIRSPEED 3357 6.311131 3.237705 3.172873 23.080414
9.345 2 INS -308 -448 17 -650176 -946640 31326 -662 -952 -34
9.349 2 TIMESTAMP 27000
9.387 2 IMU_MAG_RAW -551 -359 -194
9.404 2 ROTORCRAFT_FP -448 -308 -18 -946640 -650176 -30998 4855 907 1220 0 0 0 0 0 0
9.424 2 AMSYS_AIRSPEED 3357 6.311131 3.237705 3.179226 23.080414
9.430 2 BMP_STATUS 334490 32060 102715 328
9.500 2 GPS_INT 0 0 0 0 0 0 0 0 0 0 0 0 0 0 0 0
9.525 2 AMSYS_AIRSPEED 3357 6.311131 3.237705 3.184957 23.080414
9.594 2 INS -308 -448 33 -650176 -946640 49818 -662 -952 -34
9.624 2 AMSYS_AIRSPEED 3351 5.837797 3.113925 3.177996 23.080414
9.649 2 ROTORCRAFT_FP -448 -308 -35 -946640 -650176 -49712 4855 907 1221 0 0 0 0 0 0
9.702 2 BMP_STATUS 334495 32058 102714 328
9.724 2 AMSYS_AIRSPEED 3357 6.311131 3.237705 3.183847 23.109787
9.749 2 GPS_INT 0 0 0 0 0 0 0 0 0 0 0 0 0 0 0 0
9.823 2 AMSYS_AIRSPEED 3362 6.705577 3.33735 3.198891 23.080414
9.843 2 INS -308 -448 41 -650176 -946640 51892 -662 -952 -4
9.848 2 TIMESTAMP 27500
9.898 2 ROTORCRAFT_FP -448 -308 -43 -946640 -650176 -51803 4855 908 1222 0 0 0 0 0 0
9.926 2 AMSYS_AIRSPEED 3363 6.784466 3.356925 3.214378 23.109787
9.974 2 DOWNLINK_STATUS 10 10839 318 0 1069. 31. 5.53
9.976 2 BMP_STATUS 334478 32060 102711 328
9.998 2 GPS_INT 0 0 0 0 0 0 0 0 0 0 0 0 0 0 0 0
10.023 2 AMSYS_AIRSPEED 3357 6.311131 3.237705 3.216664 23.080414
10.092 2 INS -308 -448 36 -650176 -946640 32255 -662 -952 -34
10.122 2 AMSYS_AIRSPEED 3363 6.784466 3.356925 3.230409 23.109787
10.147 2 ROTORCRAFT_FP -448 -308 -36 -946640 -650176 -31998 4856 908 1221 0 0 0 0 0 0
10.220 2 AMSYS_AIRSPEED 3362 6.705577 3.33735 3.24089 23.080414
10.246 2 GPS_INT 0 0 0 0 0 0 0 0 0 0 0 0 0 0 0 0
10.251 2 BMP_STATUS 334491 32063 102720 329
